deaths	exposure	age	year
0	49.5	11	1947
0	69	12	1947
1	98.5	13	1947
0	147	14	1947
0	489.5	15	1947
1	2253.5	16	1947
4	4178.5	17	1947
3	6560.5	18	1947
12	8382	19	1947
17	10615	20	1947
32	13851.5	21	1947
27	18140	22	1947
36	22632.5	23	1947
44	27108.5	24	1947
37	31915.5	25	1947
36	37870	26	1947
51	44166	27	1947
53	43368.5	28	1947
56	40484.5	29	1947
77	46870	30	1947
84	56030	31	1947
88	63658.5	32	1947
101	70646.5	33	1947
127	77198	34	1947
118	81634	35	1947
152	85638	36	1947
166	91231.5	37	1947
133	96322.5	38	1947
166	100290.5	39	1947
212	101394	40	1947
232	100792.5	41	1947
271	101258.5	42	1947
289	101839.5	43	1947
310	101110.5	44	1947
350	99536	45	1947
348	97116	46	1947
450	93619	47	1947
424	87787	48	1947
444	82144.5	49	1947
383	77854	50	1947
503	73599	51	1947
533	69971	52	1947
504	67386.5	53	1947
574	64892.5	54	1947
561	60204	55	1947
588	55393.5	56	1947
624	51988	57	1947
595	49604.5	58	1947
689	46553	59	1947
677	38602.5	60	1947
590	33228	61	1947
542	30308.5	62	1947
612	27399.5	63	1947
567	24740.5	64	1947
491	19884.5	65	1947
471	16373.5	66	1947
486	14671	67	1947
426	13095	68	1947
450	11821.5	69	1947
470	10416.5	70	1947
450	9408	71	1947
427	8752.5	72	1947
458	8167	73	1947
446	7450.5	74	1947
466	6745.5	75	1947
383	5948	76	1947
480	5157.5	77	1947
454	4595.5	78	1947
444	4158.5	79	1947
459	3536.5	80	1947
435	2951	81	1947
397	2451	82	1947
322	2094.5	83	1947
294	1816.5	84	1947
267	1532	85	1947
240	1233	86	1947
216	969	87	1947
166	765.5	88	1947
146	559.5	89	1947
105	420	90	1947
97	311	91	1947
80	230	92	1947
63	157.5	93	1947
34	113.5	94	1947
24	69	95	1947
9	46.5	96	1947
10	38.5	97	1947
8	26	98	1947
4	15.5	99	1947
4	14	100	1947
0	42.5	11	1948
0	69.5	12	1948
0	97	13	1948
0	152	14	1948
0	432.5	15	1948
1	2106	16	1948
3	4070.5	17	1948
8	6304	18	1948
11	8073	19	1948
15	10369.5	20	1948
11	15084.5	21	1948
23	21315.5	22	1948
35	26555.5	23	1948
36	31628	24	1948
41	36323	25	1948
44	41113.5	26	1948
47	47292	27	1948
64	53829.5	28	1948
52	51564.5	29	1948
56	47682	30	1948
61	54642.5	31	1948
61	64508.5	32	1948
66	72096.5	33	1948
103	79023	34	1948
123	85855.5	35	1948
126	89967	36	1948
147	93490.5	37	1948
163	98667	38	1948
169	103734	39	1948
193	107081.5	40	1948
258	107694.5	41	1948
194	106173	42	1948
275	106161.5	43	1948
294	105896	44	1948
335	104176.5	45	1948
379	102267	46	1948
399	99288.5	47	1948
426	95380	48	1948
468	88935	49	1948
465	81524	50	1948
486	77592.5	51	1948
495	73481	52	1948
469	69606.5	53	1948
515	66512.5	54	1948
561	61941	55	1948
591	57852.5	56	1948
638	53825.5	57	1948
625	50345	58	1948
696	47248	59	1948
572	39586.5	60	1948
548	33893.5	61	1948
577	30801.5	62	1948
557	28083.5	63	1948
587	25078	64	1948
520	19970.5	65	1948
475	16174	66	1948
464	14489.5	67	1948
459	13187.5	68	1948
384	11835.5	69	1948
423	10500.5	70	1948
368	9466.5	71	1948
377	8682	72	1948
461	8107.5	73	1948
438	7527	74	1948
415	6799	75	1948
406	6215	76	1948
399	5472.5	77	1948
411	4669.5	78	1948
461	4102	79	1948
371	3529	80	1948
358	3116.5	81	1948
303	2542	82	1948
300	2112.5	83	1948
280	1799	84	1948
246	1522.5	85	1948
232	1266.5	86	1948
164	1011	87	1948
204	782	88	1948
139	579.5	89	1948
95	444	90	1948
80	312.5	91	1948
66	226	92	1948
43	159	93	1948
23	112	94	1948
19	83	95	1948
21	50.5	96	1948
5	33	97	1948
8	26.5	98	1948
7	14	99	1948
5	9	100	1948
0	27	11	1949
0	61.5	12	1949
0	92	13	1949
0	133.5	14	1949
0	401	15	1949
1	1762	16	1949
2	3770.5	17	1949
9	6023.5	18	1949
9	7547.5	19	1949
6	9768	20	1949
19	15384.5	21	1949
20	22290.5	22	1949
31	28044.5	23	1949
46	33145.5	24	1949
42	37925	25	1949
47	42668.5	26	1949
46	47223.5	27	1949
58	53929	28	1949
78	60646	29	1949
58	57537.5	30	1949
69	52810	31	1949
70	59951	32	1949
84	70064	33	1949
76	77883.5	34	1949
108	85172.5	35	1949
124	91825.5	36	1949
159	95323	37	1949
165	98568.5	38	1949
175	103736	39	1949
191	108200	40	1949
242	111268.5	41	1949
230	111280	42	1949
239	109272.5	43	1949
288	108717.5	44	1949
323	107440	45	1949
402	105455	46	1949
362	103191.5	47	1949
480	99902.5	48	1949
480	95395	49	1949
480	87300.5	50	1949
548	80118	51	1949
494	76467	52	1949
580	72293.5	53	1949
574	67892	54	1949
626	62834	55	1949
643	59026.5	56	1949
619	55573	57	1949
600	51624.5	58	1949
670	47461	59	1949
647	39652	60	1949
666	34502.5	61	1949
575	31149	62	1949
612	28307.5	63	1949
617	25425.5	64	1949
530	19758	65	1949
412	15903	66	1949
447	14093.5	67	1949
430	12843	68	1949
425	11758	69	1949
413	10428.5	70	1949
451	9407	71	1949
406	8616.5	72	1949
420	7930	73	1949
442	7386.5	74	1949
470	6760.5	75	1949
436	6145.5	76	1949
455	5648	77	1949
438	4930.5	78	1949
467	4115	79	1949
400	3438	80	1949
407	3085.5	81	1949
375	2676.5	82	1949
287	2169.5	83	1949
309	1787	84	1949
298	1476.5	85	1949
230	1227.5	86	1949
212	1029.5	87	1949
179	796.5	88	1949
144	580.5	89	1949
116	443.5	90	1949
112	333	91	1949
64	226	92	1949
58	163.5	93	1949
37	106	94	1949
25	83.5	95	1949
19	56	96	1949
16	36	97	1949
6	22.5	98	1949
5	16	99	1949
2	8.5	100	1949
0	21	11	1950
0	37	12	1950
0	83	13	1950
0	123.5	14	1950
0	378	15	1950
3	1602	16	1950
1	3292	17	1950
6	5498	18	1950
8	7086	19	1950
15	9423.5	20	1950
17	15005.5	21	1950
22	21372.5	22	1950
38	27794	23	1950
23	33699.5	24	1950
30	38671	25	1950
44	43612	26	1950
54	47886	27	1950
52	52624	28	1950
66	59646.5	29	1950
81	66911	30	1950
59	62700	31	1950
47	56939.5	32	1950
63	64134.5	33	1950
72	74777	34	1950
98	82941.5	35	1950
130	89982.5	36	1950
114	96283.5	37	1950
121	99554.5	38	1950
176	102583.5	39	1950
196	107303.5	40	1950
228	111577	41	1950
249	114038	42	1950
238	113651.5	43	1950
287	111260.5	44	1950
381	109738.5	45	1950
396	108106	46	1950
425	105921.5	47	1950
443	103396.5	48	1950
461	99508.5	49	1950
551	93338.5	50	1950
498	85416.5	51	1950
525	78532.5	52	1950
604	74855	53	1950
673	70131	54	1950
615	63665	55	1950
648	59584.5	56	1950
648	56400	57	1950
707	52971	58	1950
710	48231	59	1950
641	39448	60	1950
628	34221.5	61	1950
628	31446	62	1950
623	28377	63	1950
594	25352.5	64	1950
525	19646	65	1950
388	15512	66	1950
400	13701.5	67	1950
381	12397.5	68	1950
417	11339	69	1950
443	10230.5	70	1950
429	9218.5	71	1950
496	8451	72	1950
451	7738.5	73	1950
432	7118.5	74	1950
491	6580	75	1950
403	5999	76	1950
490	5485	77	1950
473	4999	78	1950
408	4324.5	79	1950
346	3434.5	80	1950
349	2951.5	81	1950
388	2601	82	1950
354	2226	83	1950
302	1796.5	84	1950
298	1441.5	85	1950
231	1157	86	1950
184	975.5	87	1950
172	810	88	1950
149	595.5	89	1950
109	436.5	90	1950
98	310.5	91	1950
81	230	92	1950
52	157	93	1950
51	97	94	1950
27	69	95	1950
23	54.5	96	1950
6	33.5	97	1950
7	24	98	1950
2	12.5	99	1950
1	10	100	1950
0	21	11	1951
0	30	12	1951
0	56	13	1951
0	126.5	14	1951
0	380	15	1951
1	1675.5	16	1951
1	3262	17	1951
6	5175.5	18	1951
9	6706.5	19	1951
16	9017.5	20	1951
21	14872	21	1951
13	20931	22	1951
26	27140.5	23	1951
24	33584	24	1951
38	39676.5	25	1951
46	44634	26	1951
55	49157.5	27	1951
57	53228	28	1951
56	58004	29	1951
65	65670.5	30	1951
73	72760.5	31	1951
71	67456.5	32	1951
85	60785.5	33	1951
56	68200.5	34	1951
83	79338.5	35	1951
75	87211	36	1951
122	94251	37	1951
150	100262.5	38	1951
162	103286	39	1951
175	105924	40	1951
179	110446	41	1951
238	114076.5	42	1951
248	116218	43	1951
286	115553	44	1951
365	112202	45	1951
389	110392	46	1951
426	108472	47	1951
446	105997.5	48	1951
481	102959	49	1951
590	97321.5	50	1951
623	91388	51	1951
659	83635	52	1951
607	76771.5	53	1951
668	72592	54	1951
665	65812	55	1951
645	60264	56	1951
668	56856	57	1951
713	53626.5	58	1951
726	49426	59	1951
686	39917.5	60	1951
688	33881.5	61	1951
692	31132.5	62	1951
626	28621.5	63	1951
604	25367.5	64	1951
545	19390.5	65	1951
530	15187.5	66	1951
448	13259	67	1951
423	12032.5	68	1951
421	10852	69	1951
444	9801	70	1951
463	8996.5	71	1951
444	8247.5	72	1951
500	7540.5	73	1951
476	6891	74	1951
458	6295	75	1951
444	5823	76	1951
503	5332.5	77	1951
485	4787.5	78	1951
497	4353.5	79	1951
422	3597	80	1951
377	2935.5	81	1951
367	2486	82	1951
338	2133	83	1951
301	1833.5	84	1951
283	1441.5	85	1951
253	1132.5	86	1951
232	906.5	87	1951
167	743.5	88	1951
169	607	89	1951
121	449	90	1951
76	307.5	91	1951
75	219	92	1951
57	150.5	93	1951
41	99.5	94	1951
20	59.5	95	1951
25	46.5	96	1951
8	27	97	1951
6	21.5	98	1951
7	10.5	99	1951
2	7.5	100	1951
0	22	11	1952
0	32	12	1952
0	47	13	1952
1	100	14	1952
0	392	15	1952
1	1772.5	16	1952
1	3549.5	17	1952
10	5388	18	1952
9	6525	19	1952
13	8456	20	1952
19	14712.5	21	1952
25	21017	22	1952
26	26666.5	23	1952
35	33370.5	24	1952
38	39943.5	25	1952
55	45882.5	26	1952
28	50573	27	1952
50	54696	28	1952
66	58453.5	29	1952
52	63436	30	1952
60	71363	31	1952
79	78059.5	32	1952
97	71856.5	33	1952
66	64410.5	34	1952
91	71918	35	1952
88	83246	36	1952
127	91078	37	1952
135	97790.5	38	1952
180	103856	39	1952
165	106376.5	40	1952
214	108807	41	1952
197	112881	42	1952
274	116212.5	43	1952
306	117945.5	44	1952
329	116430.5	45	1952
314	112926	46	1952
422	110688.5	47	1952
453	108443.5	48	1952
490	105489	49	1952
560	100896.5	50	1952
627	95373.5	51	1952
564	89718	52	1952
630	81858	53	1952
615	74624.5	54	1952
628	68283.5	55	1952
655	62477.5	56	1952
721	57643	57	1952
678	54220	58	1952
680	50294.5	59	1952
643	40995	60	1952
570	34451.5	61	1952
581	31050	62	1952
600	28515	63	1952
622	25721	64	1952
443	19314.5	65	1952
438	14847.5	66	1952
430	13016.5	67	1952
442	11649.5	68	1952
400	10547.5	69	1952
372	9400	70	1952
406	8694.5	71	1952
445	8082	72	1952
418	7418.5	73	1952
442	6766.5	74	1952
428	6083.5	75	1952
419	5607.5	76	1952
422	5202.5	77	1952
479	4718.5	78	1952
386	4169.5	79	1952
393	3655.5	80	1952
382	3028	81	1952
352	2512	82	1952
284	2046.5	83	1952
292	1791.5	84	1952
259	1489	85	1952
188	1173.5	86	1952
190	892.5	87	1952
156	682	88	1952
127	562	89	1952
103	452.5	90	1952
100	331.5	91	1952
74	226	92	1952
42	142.5	93	1952
22	111	94	1952
17	70	95	1952
26	43	96	1952
5	23.5	97	1952
6	17.5	98	1952
2	11	99	1952
0	5	100	1952
0	26.5	11	1953
0	34	12	1953
0	48	13	1953
0	86.5	14	1953
1	392.5	15	1953
2	1900.5	16	1953
2	3709.5	17	1953
1	5714.5	18	1953
5	6688.5	19	1953
3	8357.5	20	1953
10	14274.5	21	1953
21	21119	22	1953
18	26618.5	23	1953
38	33111	24	1953
42	39741.5	25	1953
38	46104	26	1953
48	51758	27	1953
53	56145.5	28	1953
42	59830.5	29	1953
63	63656	30	1953
79	68750.5	31	1953
74	76370	32	1953
89	82886.5	33	1953
71	75902.5	34	1953
69	67677	35	1953
77	75435	36	1953
98	86747	37	1953
122	94446	38	1953
157	101238	39	1953
160	106861.5	40	1953
200	109192	41	1953
183	111253	42	1953
236	115074.5	43	1953
309	117896.5	44	1953
290	118950	45	1953
354	117262.5	46	1953
420	113281.5	47	1953
419	110812.5	48	1953
474	108081.5	49	1953
511	103659.5	50	1953
607	99019.5	51	1953
679	93734	52	1953
637	87896	53	1953
686	79683	54	1953
748	70189	55	1953
659	65007	56	1953
730	59876	57	1953
711	55037.5	58	1953
741	50886.5	59	1953
632	41643	60	1953
590	35428	61	1953
606	31688.5	62	1953
591	28504.5	63	1953
535	25652	64	1953
507	19363	65	1953
421	14693	66	1953
377	12744	67	1953
346	11413	68	1953
352	10262.5	69	1953
370	9203	70	1953
449	8373.5	71	1953
348	7858.5	72	1953
401	7308.5	73	1953
386	6731.5	74	1953
408	6022	75	1953
419	5488	76	1953
454	5049	77	1953
468	4661.5	78	1953
384	4186	79	1953
350	3555.5	80	1953
415	3124.5	81	1953
364	2600.5	82	1953
305	2119	83	1953
273	1737	84	1953
245	1487	85	1953
267	1213.5	86	1953
213	948.5	87	1953
147	702	88	1953
126	526.5	89	1953
97	433.5	90	1953
103	344.5	91	1953
72	245.5	92	1953
49	154	93	1953
35	104.5	94	1953
33	81.5	95	1953
14	52.5	96	1953
11	24.5	97	1953
9	16	98	1953
3	10	99	1953
3	6	100	1953
0	21	11	1954
0	36.5	12	1954
0	45.5	13	1954
0	81	14	1954
0	391	15	1954
0	2018.5	16	1954
5	3937	17	1954
3	5968.5	18	1954
5	7164	19	1954
11	8642	20	1954
21	13924.5	21	1954
17	20844.5	22	1954
28	27081.5	23	1954
35	33302	24	1954
37	39972.5	25	1954
45	46329	26	1954
35	52048.5	27	1954
36	57522	28	1954
52	61638.5	29	1954
62	65346.5	30	1954
63	69120	31	1954
63	73833	32	1954
70	81253.5	33	1954
108	87831	34	1954
74	80238.5	35	1954
89	71175.5	36	1954
87	78932.5	37	1954
109	90298	38	1954
112	98038.5	39	1954
155	104751.5	40	1954
159	110064	41	1954
198	111933	42	1954
240	113594.5	43	1954
281	117025.5	44	1954
308	119285.5	45	1954
347	119976.5	46	1954
397	117730.5	47	1954
439	113505	48	1954
472	110731	49	1954
525	106314.5	50	1954
538	102019	51	1954
619	97347.5	52	1954
702	91896.5	53	1954
716	85513.5	54	1954
677	75039.5	55	1954
751	66764.5	56	1954
737	62309.5	57	1954
770	57094	58	1954
770	51576.5	59	1954
706	41712	60	1954
579	35841	61	1954
579	32480.5	62	1954
563	29049	63	1954
547	25618.5	64	1954
476	18977.5	65	1954
387	14537	66	1954
371	12517.5	67	1954
340	11176.5	68	1954
375	10084	69	1954
400	8932	70	1954
405	8115	71	1954
410	7576	72	1954
366	7083.5	73	1954
418	6623	74	1954
378	5995	75	1954
402	5444.5	76	1954
390	4952.5	77	1954
388	4530	78	1954
415	4171	79	1954
404	3533	80	1954
341	3093.5	81	1954
386	2661	82	1954
306	2193	83	1954
282	1789.5	84	1954
229	1454.5	85	1954
243	1202	86	1954
204	973.5	87	1954
160	743	88	1954
111	554.5	89	1954
101	410.5	90	1954
79	336	91	1954
76	264.5	92	1954
51	169	93	1954
36	106	94	1954
35	69.5	95	1954
24	51.5	96	1954
16	34	97	1954
4	16.5	98	1954
3	8.5	99	1954
3	5	100	1954
0	15.5	11	1955
0	33.5	12	1955
0	49.5	13	1955
0	73	14	1955
1	372.5	15	1955
1	2037.5	16	1955
1	4101	17	1955
3	6317	18	1955
11	7725	19	1955
14	9290.5	20	1955
11	14727	21	1955
25	21021.5	22	1955
21	27192	23	1955
28	34409	24	1955
43	40983	25	1955
42	47417.5	26	1955
42	52832.5	27	1955
46	58308.5	28	1955
56	63559	29	1955
50	67746	30	1955
56	71304.5	31	1955
78	74542.5	32	1955
80	78973.5	33	1955
80	86571.5	34	1955
86	93458	35	1955
88	84843	36	1955
75	74828	37	1955
115	82439	38	1955
130	94032	39	1955
156	101809.5	40	1955
196	108250.5	41	1955
234	113195	42	1955
219	114609.5	43	1955
280	115779	44	1955
300	118695.5	45	1955
346	120328.5	46	1955
396	120670.5	47	1955
451	117951.5	48	1955
517	113386	49	1955
524	108975	50	1955
590	104574	51	1955
639	100216	52	1955
646	95252	53	1955
765	89277	54	1955
796	80414	55	1955
732	71056	56	1955
699	63719	57	1955
754	59158	58	1955
712	53297	59	1955
603	41838	60	1955
568	35583	61	1955
617	32563	62	1955
636	29562.5	63	1955
605	25833.5	64	1955
427	18478	65	1955
382	14047	66	1955
371	12224.5	67	1955
324	10852.5	68	1955
353	9799	69	1955
329	8634.5	70	1955
353	7825	71	1955
390	7279.5	72	1955
355	6794	73	1955
353	6390.5	74	1955
405	5886.5	75	1955
374	5402.5	76	1955
420	4906	77	1955
385	4469	78	1955
410	4040.5	79	1955
422	3477.5	80	1955
379	3042.5	81	1955
344	2651.5	82	1955
362	2235.5	83	1955
285	1849	84	1955
290	1489	85	1955
260	1180.5	86	1955
195	963	87	1955
177	752	88	1955
162	582	89	1955
130	421.5	90	1955
87	309	91	1955
106	244.5	92	1955
60	177	93	1955
46	117.5	94	1955
26	70	95	1955
18	39	96	1955
16	31	97	1955
3	25.5	98	1955
4	9.5	99	1955
0	4.5	100	1955
0	20	11	1956
0	36.5	12	1956
0	56	13	1956
0	85.5	14	1956
0	367	15	1956
1	2065.5	16	1956
4	4154	17	1956
5	6770	18	1956
2	8513	19	1956
12	10163.5	20	1956
15	15969.5	21	1956
28	22471	22	1956
20	27872.5	23	1956
24	35230.5	24	1956
33	42769	25	1956
37	49104	26	1956
31	54677	27	1956
44	59669	28	1956
48	64799	29	1956
48	70088.5	30	1956
88	74073	31	1956
70	76882	32	1956
58	79914	33	1956
54	84313.5	34	1956
86	92345.5	35	1956
114	98963.5	36	1956
83	89092.5	37	1956
98	78175	38	1956
108	85911.5	39	1956
169	97572.5	40	1956
165	105173.5	41	1956
188	111230.5	42	1956
224	115800	43	1956
250	116764	44	1956
256	117296	45	1956
363	119648	46	1956
386	121002.5	47	1956
424	120729.5	48	1956
474	117491.5	49	1956
543	111320.5	50	1956
600	106784	51	1956
651	102243	52	1956
688	97641.5	53	1956
686	92292	54	1956
758	83747.5	55	1956
815	75844.5	56	1956
796	67411	57	1956
794	60213.5	58	1956
774	54873.5	59	1956
706	42689	60	1956
672	35289.5	61	1956
670	32045	62	1956
620	29412	63	1956
556	26035.5	64	1956
445	18102.5	65	1956
405	13564.5	66	1956
317	11691.5	67	1956
351	10482.5	68	1956
340	9462.5	69	1956
324	8383	70	1956
343	7541	71	1956
358	6992.5	72	1956
318	6534.5	73	1956
356	6116.5	74	1956
378	5658.5	75	1956
378	5310.5	76	1956
354	4889.5	77	1956
401	4408	78	1956
382	3985.5	79	1956
383	3355	80	1956
360	2982.5	81	1956
347	2610.5	82	1956
323	2255	83	1956
312	1896	84	1956
279	1521.5	85	1956
249	1186	86	1956
201	945.5	87	1956
160	745	88	1956
137	576.5	89	1956
123	443	90	1956
94	307.5	91	1956
55	217.5	92	1956
54	163.5	93	1956
38	125	94	1956
33	77	95	1956
16	46	96	1956
15	20.5	97	1956
10	22	98	1956
2	16.5	99	1956
1	7.5	100	1956
0	19.5	11	1957
0	35	12	1957
0	61.5	13	1957
0	106.5	14	1957
1	402	15	1957
2	2378.5	16	1957
4	4720	17	1957
4	7758	18	1957
3	10177.5	19	1957
11	11579.5	20	1957
12	17275.5	21	1957
17	24818	22	1957
24	30542.5	23	1957
34	36970.5	24	1957
25	44508	25	1957
34	51649.5	26	1957
41	57345	27	1957
49	62451	28	1957
54	67042.5	29	1957
44	72136	30	1957
65	77099.5	31	1957
60	80222.5	32	1957
65	83126	33	1957
69	85939	34	1957
85	90496	35	1957
98	98269	36	1957
107	104770.5	37	1957
126	93936	38	1957
104	82057.5	39	1957
125	89601	40	1957
177	101235.5	41	1957
179	108560	42	1957
221	114556	43	1957
291	118785	44	1957
321	118999	45	1957
397	119073	46	1957
415	120938	47	1957
416	122070	48	1957
482	121234.5	49	1957
530	116313.5	50	1957
596	110088.5	51	1957
628	105327.5	52	1957
731	100615.5	53	1957
755	95439.5	54	1957
799	87385.5	55	1957
778	79794	56	1957
822	72741	57	1957
828	64471	58	1957
790	56321.5	59	1957
650	43966	60	1957
608	36300.5	61	1957
685	32143	62	1957
625	29180	63	1957
589	26175.5	64	1957
433	18131	65	1957
336	13334.5	66	1957
387	11429.5	67	1957
292	10202	68	1957
329	9283	69	1957
350	8228.5	70	1957
300	7419.5	71	1957
312	6878	72	1957
376	6365.5	73	1957
368	5931.5	74	1957
337	5490	75	1957
358	5193	76	1957
369	4883.5	77	1957
379	4442	78	1957
383	3983	79	1957
342	3368	80	1957
339	2922.5	81	1957
351	2577	82	1957
260	2258	83	1957
299	1936.5	84	1957
246	1582.5	85	1957
241	1229.5	86	1957
195	962.5	87	1957
166	747	88	1957
140	579.5	89	1957
108	450	90	1957
102	324	91	1957
56	226	92	1957
55	159.5	93	1957
29	116	94	1957
37	85.5	95	1957
29	45.5	96	1957
13	25	97	1957
3	13	98	1957
2	17.5	99	1957
4	14	100	1957
0	19.5	11	1958
0	37.5	12	1958
0	57	13	1958
0	111	14	1958
0	463.5	15	1958
2	2867	16	1958
1	5509	17	1958
4	8929.5	18	1958
12	12562.5	19	1958
15	14211	20	1958
15	19165.5	21	1958
22	27398	22	1958
21	34176	23	1958
37	40818	24	1958
36	47063.5	25	1958
40	53765	26	1958
36	60357.5	27	1958
49	65594.5	28	1958
57	70205	29	1958
50	74712	30	1958
67	79263	31	1958
50	83525	32	1958
66	86675.5	33	1958
81	89255.5	34	1958
75	92221	35	1958
100	96208	36	1958
110	104212.5	37	1958
112	110516.5	38	1958
104	98512	39	1958
108	85578	40	1958
146	93154	41	1958
167	104597.5	42	1958
231	112059.5	43	1958
284	117555	44	1958
293	121185	45	1958
331	120942.5	46	1958
426	120447	47	1958
432	122272	48	1958
533	122715.5	49	1958
539	120228.5	50	1958
650	115223	51	1958
652	108956.5	52	1958
742	103930.5	53	1958
802	98525	54	1958
792	90544	55	1958
855	83545.5	56	1958
857	76854	57	1958
875	69812.5	58	1958
873	60588	59	1958
694	45107.5	60	1958
640	37374	61	1958
663	33208.5	62	1958
591	29412	63	1958
615	26095.5	64	1958
441	17992.5	65	1958
364	13257	66	1958
317	11292.5	67	1958
328	10015.5	68	1958
312	9048	69	1958
335	8093.5	70	1958
352	7338.5	71	1958
374	6767.5	72	1958
323	6254	73	1958
356	5799.5	74	1958
346	5358.5	75	1958
385	5005	76	1958
423	4732.5	77	1958
454	4418	78	1958
393	3940.5	79	1958
349	3398	80	1958
303	2944.5	81	1958
320	2550.5	82	1958
354	2230	83	1958
287	1911	84	1958
271	1625.5	85	1958
228	1298	86	1958
226	989.5	87	1958
187	757.5	88	1958
126	577.5	89	1958
150	438	90	1958
104	335	91	1958
67	227	92	1958
55	165.5	93	1958
43	112.5	94	1958
41	80	95	1958
11	47	96	1958
9	27.5	97	1958
13	14.5	98	1958
3	9.5	99	1958
11	11	100	1958
0	18	11	1959
0	43.5	12	1959
0	57.5	13	1959
0	102.5	14	1959
0	409.5	15	1959
0	3182.5	16	1959
7	6164	17	1959
15	9806.5	18	1959
18	14232.5	19	1959
17	17837	20	1959
21	21513.5	21	1959
37	30059	22	1959
25	37575.5	23	1959
40	45218.5	24	1959
33	51513	25	1959
35	56527.5	26	1959
30	62596	27	1959
46	68660	28	1959
45	73298	29	1959
57	77866	30	1959
47	81744	31	1959
75	85678	32	1959
78	89663	33	1959
78	92696	34	1959
79	95359.5	35	1959
110	97694	36	1959
103	101401	37	1959
102	109491.5	38	1959
168	115526.5	39	1959
139	102461	40	1959
170	88985.5	41	1959
174	95934	42	1959
229	107405	43	1959
253	114402	44	1959
318	119401	45	1959
354	122778.5	46	1959
377	121979.5	47	1959
402	121089	48	1959
528	122298	49	1959
582	120950	50	1959
661	118318.5	51	1959
715	113417.5	52	1959
707	106873.5	53	1959
815	101207	54	1959
813	93189.5	55	1959
826	86177	56	1959
861	80129	57	1959
935	73354	58	1959
903	65397	59	1959
768	48342.5	60	1959
678	38107	61	1959
653	34037.5	62	1959
630	30329	63	1959
608	26242	64	1959
445	17555	65	1959
351	12973	66	1959
290	11140	67	1959
354	9849	68	1959
334	8832.5	69	1959
333	7877	70	1959
291	7192.5	71	1959
341	6609	72	1959
319	6092.5	73	1959
379	5640.5	74	1959
328	5184.5	75	1959
309	4807.5	76	1959
352	4490.5	77	1959
335	4242.5	78	1959
372	3867.5	79	1959
346	3342.5	80	1959
323	2963.5	81	1959
318	2559	82	1959
301	2187.5	83	1959
292	1863	84	1959
291	1573.5	85	1959
253	1331	86	1959
192	1042	87	1959
171	776	88	1959
170	579	89	1959
95	431	90	1959
97	329	91	1959
56	240.5	92	1959
41	167.5	93	1959
37	120	94	1959
30	75	95	1959
14	49.5	96	1959
13	34	97	1959
10	14.5	98	1959
4	8.5	99	1959
1	4	100	1959
0	16	11	1960
0	36.5	12	1960
0	66	13	1960
0	116.5	14	1960
0	338	15	1960
0	3487.5	16	1960
9	7117	17	1960
6	11370.5	18	1960
8	15866	19	1960
17	20850.5	20	1960
35	25859.5	21	1960
45	33315	22	1960
31	41233.5	23	1960
36	49499	24	1960
37	56511	25	1960
30	61453.5	26	1960
64	65726	27	1960
55	71064	28	1960
52	76728.5	29	1960
53	81482	30	1960
56	85344.5	31	1960
76	88615.5	32	1960
74	92185.5	33	1960
71	96101	34	1960
78	99180	35	1960
104	101242	36	1960
92	103032.5	37	1960
147	106756.5	38	1960
157	114883.5	39	1960
198	120456	40	1960
171	106761	41	1960
176	92073	42	1960
198	98754.5	43	1960
256	109985	44	1960
290	116597	45	1960
321	121273.5	46	1960
411	124128.5	47	1960
442	122853	48	1960
501	121404.5	49	1960
566	120862	50	1960
619	119319.5	51	1960
663	116689.5	52	1960
763	111356.5	53	1960
783	104363.5	54	1960
832	96122	55	1960
840	88912.5	56	1960
784	82896	57	1960
960	76765	58	1960
977	68987.5	59	1960
804	52525.5	60	1960
669	41109.5	61	1960
623	34924	62	1960
636	31307	63	1960
680	27245.5	64	1960
428	17669.5	65	1960
310	12692.5	66	1960
288	11034	67	1960
265	9848	68	1960
289	8788	69	1960
328	7767.5	70	1960
318	7044.5	71	1960
303	6530	72	1960
260	6023	73	1960
327	5527.5	74	1960
294	5067.5	75	1960
373	4706	76	1960
341	4323	77	1960
353	4043	78	1960
398	3779.5	79	1960
405	3277	80	1960
327	2900.5	81	1960
308	2572	82	1960
291	2201.5	83	1960
305	1846	84	1960
234	1535.5	85	1960
219	1309.5	86	1960
227	1090.5	87	1960
195	833	88	1960
128	594	89	1960
94	439.5	90	1960
119	322	91	1960
71	227	92	1960
46	181.5	93	1960
66	117.5	94	1960
26	75	95	1960
11	57	96	1960
8	33	97	1960
6	22.5	98	1960
3	11.5	99	1960
1	3.5	100	1960
0	16.5	11	1961
0	32	12	1961
0	67	13	1961
0	126.5	14	1961
0	405.5	15	1961
5	3954.5	16	1961
8	8276.5	17	1961
21	13703	18	1961
9	19011	19	1961
12	23981.5	20	1961
33	30432	21	1961
54	38564.5	22	1961
37	45613.5	23	1961
31	53818	24	1961
42	61341	25	1961
49	67005.5	26	1961
59	70896	27	1961
48	74150.5	28	1961
32	79220.5	29	1961
42	84949	30	1961
72	89120.5	31	1961
84	92479	32	1961
66	95377	33	1961
87	98696	34	1961
85	102482	35	1961
92	105227.5	36	1961
127	106790.5	37	1961
139	108477	38	1961
161	112039.5	39	1961
161	119642.5	40	1961
177	125246	41	1961
220	110572	42	1961
217	94978	43	1961
237	101162	44	1961
270	112172	45	1961
347	118305	46	1961
412	122545.5	47	1961
408	124889.5	48	1961
554	123153.5	49	1961
497	120068.5	50	1961
541	119202.5	51	1961
665	117525	52	1961
743	114417.5	53	1961
776	108715	54	1961
762	99108	55	1961
894	91704	56	1961
882	85570	57	1961
995	79489	58	1961
898	72254	59	1961
855	55494.5	60	1961
738	44706.5	61	1961
672	37817	62	1961
664	32246.5	63	1961
678	28199	64	1961
427	18299	65	1961
340	12751	66	1961
300	10859	67	1961
336	9795	68	1961
322	8781.5	69	1961
331	7748.5	70	1961
300	6954.5	71	1961
334	6422	72	1961
307	5975	73	1961
308	5499.5	74	1961
361	4968.5	75	1961
318	4577	76	1961
361	4230	77	1961
328	3878	78	1961
314	3607	79	1961
369	3200	80	1961
332	2820	81	1961
361	2536.5	82	1961
335	2172	83	1961
298	1854	84	1961
235	1539	85	1961
242	1293	86	1961
191	1064	87	1961
204	883	88	1961
154	631	89	1961
122	442.5	90	1961
107	323	91	1961
64	218.5	92	1961
54	164.5	93	1961
38	125.5	94	1961
11	78	95	1961
31	52	96	1961
14	37.5	97	1961
4	23.5	98	1961
3	20	99	1961
2	5	100	1961
0	17	11	1962
0	34.5	12	1962
0	69.5	13	1962
2	119	14	1962
0	443.5	15	1962
3	4694.5	16	1962
7	9018	17	1962
13	15422	18	1962
12	22698	19	1962
22	28709.5	20	1962
23	34681.5	21	1962
29	43832.5	22	1962
55	51628	23	1962
52	58732	24	1962
54	66685.5	25	1962
43	72484.5	26	1962
42	76745.5	27	1962
47	79536.5	28	1962
66	82277	29	1962
60	87410.5	30	1962
52	92915.5	31	1962
62	96652.5	32	1962
70	99685.5	33	1962
101	102218.5	34	1962
93	105356.5	35	1962
82	108903.5	36	1962
105	111342	37	1962
117	112474	38	1962
137	113989	39	1962
170	116735	40	1962
210	124484	41	1962
216	129968.5	42	1962
236	114178	43	1962
174	97367	44	1962
233	103193	45	1962
339	113938.5	46	1962
412	119719.5	47	1962
448	123411.5	48	1962
472	125250.5	49	1962
516	121896	50	1962
618	118377	51	1962
641	117370	52	1962
709	115346	53	1962
816	111632.5	54	1962
888	103119.5	55	1962
927	94523	56	1962
868	88300.5	57	1962
906	82041.5	58	1962
987	74800.5	59	1962
820	57985.5	60	1962
815	47189	61	1962
785	41140.5	62	1962
764	34777.5	63	1962
720	29040	64	1962
481	18581.5	65	1962
412	13033	66	1962
301	10828	67	1962
307	9563.5	68	1962
304	8709.5	69	1962
329	7680.5	70	1962
283	6889.5	71	1962
298	6304.5	72	1962
303	5843	73	1962
304	5445.5	74	1962
332	4901.5	75	1962
326	4467	76	1962
367	4106	77	1962
320	3794	78	1962
380	3449.5	79	1962
323	3064.5	80	1962
307	2727	81	1962
300	2462	82	1962
296	2161.5	83	1962
315	1825	84	1962
297	1521.5	85	1962
231	1264.5	86	1962
235	1046.5	87	1962
189	834	88	1962
135	685.5	89	1962
104	472.5	90	1962
86	345.5	91	1962
72	229	92	1962
53	156	93	1962
41	114	94	1962
38	87.5	95	1962
18	44.5	96	1962
28	33.5	97	1962
10	25	98	1962
5	19	99	1962
14	6.5	100	1962
0	24	11	1963
0	44	12	1963
0	74	13	1963
0	132	14	1963
1	395.5	15	1963
2	4820.5	16	1963
5	10255	17	1963
19	16275	18	1963
28	25264	19	1963
25	33969	20	1963
43	41171.5	21	1963
34	49682	22	1963
41	57092.5	23	1963
48	65064	24	1963
70	72436.5	25	1963
52	78398.5	26	1963
49	82563	27	1963
55	85855	28	1963
63	87986.5	29	1963
85	90537.5	30	1963
81	95464.5	31	1963
78	100530.5	32	1963
64	103973	33	1963
84	106639	34	1963
81	109144.5	35	1963
120	111763	36	1963
107	115032	37	1963
127	116918.5	38	1963
150	117908.5	39	1963
167	118614	40	1963
190	121307.5	41	1963
233	128980	42	1963
273	133935	43	1963
294	116846	44	1963
258	99240	45	1963
283	104737.5	46	1963
402	115232	47	1963
479	120530.5	48	1963
456	123542.5	49	1963
608	123810.5	50	1963
656	120095.5	51	1963
693	116626.5	52	1963
729	115147.5	53	1963
844	112416	54	1963
879	105841.5	55	1963
962	98395.5	56	1963
1097	90883	57	1963
971	84505	58	1963
1091	77252.5	59	1963
914	60074	60	1963
889	49459.5	61	1963
874	43478	62	1963
837	37794.5	63	1963
740	31469	64	1963
490	18819	65	1963
381	13194.5	66	1963
330	11061.5	67	1963
330	9499.5	68	1963
306	8524	69	1963
320	7500	70	1963
275	6809	71	1963
312	6234.5	72	1963
335	5702.5	73	1963
315	5282	74	1963
360	4796.5	75	1963
317	4388	76	1963
355	3977.5	77	1963
332	3659	78	1963
306	3377.5	79	1963
309	2956.5	80	1963
298	2592.5	81	1963
292	2372.5	82	1963
304	2136.5	83	1963
318	1814	84	1963
238	1471	85	1963
271	1230.5	86	1963
195	1014.5	87	1963
209	805	88	1963
150	661	89	1963
111	520	90	1963
109	382.5	91	1963
89	225.5	92	1963
45	162	93	1963
40	111.5	94	1963
23	72.5	95	1963
28	55.5	96	1963
15	24	97	1963
4	21.5	98	1963
1	18.5	99	1963
3	6	100	1963
0	28	11	1964
0	54.5	12	1964
0	85.5	13	1964
0	140.5	14	1964
2	365	15	1964
6	4179.5	16	1964
4	11028	17	1964
19	18925	18	1964
20	26989.5	19	1964
46	37768	20	1964
44	48729.5	21	1964
45	59299	22	1964
46	64019	23	1964
59	70456.5	24	1964
55	79053	25	1964
56	85383	26	1964
48	89577	27	1964
62	92614	28	1964
74	95274.5	29	1964
69	97130.5	30	1964
72	99215.5	31	1964
86	103713	32	1964
93	108411	33	1964
100	111561	34	1964
97	114297	35	1964
101	116099	36	1964
152	118312.5	37	1964
144	120949.5	38	1964
169	122799.5	39	1964
201	122830	40	1964
212	123301.5	41	1964
240	125722	42	1964
268	133184	43	1964
325	137528	44	1964
276	119404.5	45	1964
347	100491.5	46	1964
380	105979.5	47	1964
446	116292.5	48	1964
434	120971	49	1964
523	122553.5	50	1964
607	122362	51	1964
657	118668	52	1964
696	114547.5	53	1964
833	112656.5	54	1964
929	106707	55	1964
872	101459	56	1964
1011	94724	57	1964
1030	87094	58	1964
989	79887.5	59	1964
894	62469	60	1964
816	51681.5	61	1964
796	45777.5	62	1964
763	40260	63	1964
800	34397.5	64	1964
508	20261.5	65	1964
351	13343.5	66	1964
297	11217.5	67	1964
303	9752.5	68	1964
320	8460.5	69	1964
304	7306	70	1964
304	6628.5	71	1964
304	6173.5	72	1964
308	5638	73	1964
291	5142.5	74	1964
293	4682	75	1964
315	4281	76	1964
307	3913	77	1964
303	3552.5	78	1964
302	3260	79	1964
311	2884.5	80	1964
252	2536	81	1964
252	2279	82	1964
260	2069.5	83	1964
219	1809	84	1964
230	1500.5	85	1964
225	1215.5	86	1964
168	980.5	87	1964
158	813.5	88	1964
160	623.5	89	1964
114	501	90	1964
100	403.5	91	1964
73	270	92	1964
46	163	93	1964
33	120.5	94	1964
23	74.5	95	1964
21	49.5	96	1964
6	32	97	1964
4	17	98	1964
15	16	99	1964
4	10	100	1964
0	36	11	1965
0	60	12	1965
0	101.5	13	1965
0	147.5	14	1965
0	378	15	1965
0	3722	16	1965
11	10531	17	1965
26	20993.5	18	1965
25	31649.5	19	1965
25	39942.5	20	1965
58	53766.5	21	1965
54	68819.5	22	1965
58	75223.5	23	1965
62	77516	24	1965
50	83487	25	1965
52	91872	26	1965
75	97083.5	27	1965
74	100103.5	28	1965
70	102805	29	1965
88	105296	30	1965
83	106798	31	1965
78	108202.5	32	1965
80	112472.5	33	1965
97	116946	34	1965
95	120261	35	1965
100	122349	36	1965
160	123607.5	37	1965
132	125309	38	1965
164	127908.5	39	1965
190	128943	40	1965
218	128753	41	1965
254	128838	42	1965
236	131208	43	1965
352	138593	44	1965
379	142194.5	45	1965
361	122719	46	1965
353	103214.5	47	1965
429	108435	48	1965
437	118315	49	1965
517	121904.5	50	1965
636	123233	51	1965
699	122949.5	52	1965
785	118668	53	1965
898	114354	54	1965
965	109089	55	1965
949	104363	56	1965
1005	99541	57	1965
1058	92579	58	1965
1155	83920.5	59	1965
1011	66117	60	1965
961	54987	61	1965
991	48837	62	1965
917	43329.5	63	1965
905	37291.5	64	1965
546	22171.5	65	1965
364	14384.5	66	1965
346	11466	67	1965
326	9929.5	68	1965
302	8771	69	1965
281	7331	70	1965
283	6497.5	71	1965
313	6076	72	1965
276	5649.5	73	1965
307	5168.5	74	1965
252	4628	75	1965
272	4246	76	1965
302	3861.5	77	1965
295	3538	78	1965
298	3182	79	1965
286	2785.5	80	1965
260	2528.5	81	1965
286	2240	82	1965
259	1994.5	83	1965
265	1778.5	84	1965
227	1527.5	85	1965
212	1258	86	1965
213	972	87	1965
175	796	88	1965
142	636.5	89	1965
103	484.5	90	1965
112	373.5	91	1965
76	301.5	92	1965
57	199.5	93	1965
32	120.5	94	1965
37	79.5	95	1965
7	53	96	1965
13	32	97	1965
9	21	98	1965
4	11	99	1965
3	8	100	1965
0	46.5	11	1966
0	69.5	12	1966
0	100	13	1966
0	168	14	1966
0	390.5	15	1966
1	3580.5	16	1966
9	10344.5	17	1966
22	20033.5	18	1966
31	34719	19	1966
42	46457.5	20	1966
33	55800.5	21	1966
51	73664.5	22	1966
56	85298	23	1966
49	89138	24	1966
63	89077.5	25	1966
66	93754.5	26	1966
62	101758.5	27	1966
69	106447	28	1966
54	109010.5	29	1966
63	111614.5	30	1966
78	113609.5	31	1966
85	114318.5	32	1966
93	115555.5	33	1966
90	119641.5	34	1966
72	124233	35	1966
152	127193.5	36	1966
143	128851.5	37	1966
131	129760	38	1966
185	131050.5	39	1966
156	133204.5	40	1966
200	134056	41	1966
291	133290	42	1966
264	133388	43	1966
268	135492.5	44	1966
371	142198	45	1966
393	145368	46	1966
362	124682.5	47	1966
354	104705.5	48	1966
468	109525	49	1966
574	118237	50	1966
518	121627.5	51	1966
655	122816	52	1966
840	122044.5	53	1966
772	117451	54	1966
872	110353.5	55	1966
920	105961	56	1966
989	101804	57	1966
1076	96710	58	1966
1017	88543	59	1966
943	69263	60	1966
930	58044.5	61	1966
929	51606.5	62	1966
843	45886.5	63	1966
939	39848.5	64	1966
589	23293.5	65	1966
405	15397	66	1966
339	12210.5	67	1966
338	10024.5	68	1966
316	8859	69	1966
297	7523.5	70	1966
260	6509.5	71	1966
286	5943.5	72	1966
287	5551	73	1966
305	5161	74	1966
318	4575	75	1966
294	4175.5	76	1966
282	3827	77	1966
297	3489	78	1966
312	3178	79	1966
271	2732.5	80	1966
302	2456	81	1966
274	2205	82	1966
273	1921.5	83	1966
233	1706.5	84	1966
250	1477.5	85	1966
209	1278.5	86	1966
180	1003.5	87	1966
167	789	88	1966
138	631.5	89	1966
117	500	90	1966
102	356.5	91	1966
72	268.5	92	1966
77	222.5	93	1966
42	142	94	1966
27	77.5	95	1966
12	61	96	1966
15	35	97	1966
5	21.5	98	1966
1	15.5	99	1966
4	8	100	1966
0	40.5	11	1967
0	80.5	12	1967
0	108.5	13	1967
0	164.5	14	1967
1	375.5	15	1967
2	3555	16	1967
6	10392	17	1967
22	18958.5	18	1967
35	32579.5	19	1967
58	50452	20	1967
70	63979	21	1967
52	75264	22	1967
59	89654.5	23	1967
65	99307	24	1967
60	100437	25	1967
61	97518.5	26	1967
56	101047.5	27	1967
75	108777	28	1967
67	112735	29	1967
74	115272	30	1967
73	117058	31	1967
71	118311	32	1967
84	118358	33	1967
81	119272.5	34	1967
100	123359.5	35	1967
135	127572.5	36	1967
121	130315.5	37	1967
143	131372.5	38	1967
178	131738.5	39	1967
156	132431	40	1967
190	134459	41	1967
217	134697	42	1967
291	133804	43	1967
254	133300	44	1967
309	134480.5	45	1967
359	141107.5	46	1967
488	143309	47	1967
402	122625	48	1967
418	102371.5	49	1967
484	105834.5	50	1967
552	113979	51	1967
615	117069.5	52	1967
768	117782.5	53	1967
815	116580	54	1967
812	109672	55	1967
960	103663	56	1967
965	99990	57	1967
1081	95742	58	1967
1075	89540.5	59	1967
938	70490.5	60	1967
870	58994	61	1967
895	52569	62	1967
810	46916	63	1967
867	40815.5	64	1967
528	23561	65	1967
366	15378.5	66	1967
295	12513	67	1967
317	10374.5	68	1967
316	8602.5	69	1967
253	7361.5	70	1967
270	6437.5	71	1967
275	5672	72	1967
263	5244.5	73	1967
285	4916	74	1967
234	4433	75	1967
232	4011	76	1967
253	3676	77	1967
289	3361	78	1967
228	3058	79	1967
253	2647.5	80	1967
277	2307	81	1967
214	2092.5	82	1967
234	1855	83	1967
228	1595.5	84	1967
205	1391.5	85	1967
182	1223	86	1967
160	1033.5	87	1967
151	805.5	88	1967
121	622.5	89	1967
105	484.5	90	1967
76	380	91	1967
73	257.5	92	1967
55	194	93	1967
32	159	94	1967
45	93	95	1967
21	57	96	1967
14	38	97	1967
9	26.5	98	1967
5	17	99	1967
0	10.5	100	1967
0	36.5	11	1968
0	74.5	12	1968
0	120.5	13	1968
0	168.5	14	1968
1	356	15	1968
5	3522	16	1968
6	10280.5	17	1968
21	18319.5	18	1968
15	30212.5	19	1968
29	46759.5	20	1968
67	69284.5	21	1968
63	85746	22	1968
49	91384	23	1968
76	103931	24	1968
63	111931.5	25	1968
75	109977.5	26	1968
64	105071.5	27	1968
61	107846	28	1968
64	115453.5	29	1968
56	119514.5	30	1968
92	121567.5	31	1968
81	122395.5	32	1968
70	123241	33	1968
67	123040.5	34	1968
82	123738.5	35	1968
132	127587.5	36	1968
136	131449	37	1968
146	133550	38	1968
139	134189.5	39	1968
159	133803	40	1968
186	134192	41	1968
213	135677	42	1968
249	135459.5	43	1968
274	133937	44	1968
305	132333.5	45	1968
370	133727.5	46	1968
404	139652.5	47	1968
451	141577.5	48	1968
485	120394.5	49	1968
450	99330	50	1968
565	102678	51	1968
617	110224	52	1968
718	112938.5	53	1968
770	112961.5	54	1968
809	109360	55	1968
894	103396.5	56	1968
916	98158	57	1968
1021	94231.5	58	1968
1070	89083	59	1968
1038	71549	60	1968
870	60675.5	61	1968
908	53909.5	62	1968
907	48210	63	1968
891	42030	64	1968
557	23948.5	65	1968
367	15607.5	66	1968
379	12751	67	1968
321	10829.5	68	1968
268	9084	69	1968
264	7295.5	70	1968
284	6466.5	71	1968
271	5719	72	1968
258	5113.5	73	1968
275	4699	74	1968
311	4300.5	75	1968
265	3944	76	1968
294	3603	77	1968
265	3277	78	1968
298	2962.5	79	1968
284	2602.5	80	1968
257	2239	81	1968
233	1988.5	82	1968
199	1803.5	83	1968
221	1560.5	84	1968
198	1309	85	1968
210	1157	86	1968
223	996	87	1968
173	825	88	1968
124	644.5	89	1968
112	479.5	90	1968
79	378	91	1968
67	291	92	1968
58	187.5	93	1968
41	137	94	1968
44	103.5	95	1968
36	58	96	1968
18	35	97	1968
10	23.5	98	1968
8	19.5	99	1968
3	9	100	1968
0	41.5	11	1969
0	70	12	1969
0	110.5	13	1969
0	175.5	14	1969
1	438.5	15	1969
3	3696	16	1969
10	10041	17	1969
15	17656	18	1969
21	28434	19	1969
36	42616.5	20	1969
54	63375.5	21	1969
68	91362.5	22	1969
66	103465.5	23	1969
77	104742.5	24	1969
73	116114	25	1969
72	122131	26	1969
58	117976.5	27	1969
64	111475	28	1969
82	113431.5	29	1969
80	121404.5	30	1969
78	125343.5	31	1969
83	126468	32	1969
83	127046	33	1969
106	127525	34	1969
99	126959	35	1969
105	127299.5	36	1969
108	130788	37	1969
169	134373	38	1969
173	136101	39	1969
147	136034	40	1969
243	135563	41	1969
249	135539	42	1969
217	136508.5	43	1969
281	135979.5	44	1969
341	133320.5	45	1969
386	131879.5	46	1969
399	132660.5	47	1969
468	138365.5	48	1969
598	139774.5	49	1969
499	117719.5	50	1969
454	96638.5	51	1969
561	99292.5	52	1969
635	106637	53	1969
734	108657.5	54	1969
842	106351	55	1969
930	103551	56	1969
946	98567.5	57	1969
1070	92910.5	58	1969
1103	88092	59	1969
1003	71463.5	60	1969
969	61721	61	1969
918	55408.5	62	1969
943	49483.5	63	1969
901	43086	64	1969
633	24219	65	1969
397	15565.5	66	1969
349	12796	67	1969
339	10897	68	1969
310	9378.5	69	1969
294	7641	70	1969
255	6334.5	71	1969
242	5715	72	1969
263	5111	73	1969
262	4537.5	74	1969
272	4063	75	1969
281	3742.5	76	1969
277	3491	77	1969
260	3168	78	1969
251	2845.5	79	1969
243	2521.5	80	1969
239	2209.5	81	1969
241	1929.5	82	1969
213	1707	83	1969
216	1522	84	1969
196	1270.5	85	1969
185	1077.5	86	1969
205	915	87	1969
164	779.5	88	1969
126	643.5	89	1969
94	488.5	90	1969
88	369.5	91	1969
105	282.5	92	1969
41	216.5	93	1969
20	136	94	1969
26	94	95	1969
19	65	96	1969
11	36.5	97	1969
1	21.5	98	1969
5	18	99	1969
2	8.5	100	1969
0	52.5	11	1970
0	87.5	12	1970
0	127	13	1970
0	195	14	1970
0	545	15	1970
5	3933	16	1970
13	10722	17	1970
16	18679.5	18	1970
30	29508.5	19	1970
29	43060	20	1970
53	61565.5	21	1970
56	86804	22	1970
89	115038	23	1970
79	124837	24	1970
66	122200.5	25	1970
93	132500	26	1970
61	136950	27	1970
67	131014.5	28	1970
77	122592.5	29	1970
82	123855.5	30	1970
67	132121.5	31	1970
89	135765.5	32	1970
90	136324	33	1970
88	136198	34	1970
120	136515	35	1970
131	135066.5	36	1970
115	134873.5	37	1970
165	138191	38	1970
164	141373.5	39	1970
154	142354.5	40	1970
236	142284	41	1970
252	140995.5	42	1970
288	140733.5	43	1970
352	141161.5	44	1970
336	139929.5	45	1970
368	137084	46	1970
402	135106	47	1970
486	135563.5	48	1970
597	140443.5	49	1970
633	139701	50	1970
603	118903	51	1970
551	96114	52	1970
625	98504	53	1970
763	104957	54	1970
766	105113	55	1970
869	103521.5	56	1970
999	101006	57	1970
1027	95468	58	1970
975	88586.5	59	1970
971	72360.5	60	1970
953	63124.5	61	1970
1016	57615.5	62	1970
1013	51886.5	63	1970
913	44917	64	1970
584	25853.5	65	1970
422	15851	66	1970
321	12910.5	67	1970
362	11199	68	1970
325	9621.5	69	1970
325	8078	70	1970
264	6774.5	71	1970
309	5747.5	72	1970
271	5190.5	73	1970
287	4700	74	1970
251	4054.5	75	1970
257	3644	76	1970
269	3411	77	1970
269	3115	78	1970
235	2856.5	79	1970
214	2455.5	80	1970
233	2216	81	1970
198	1945.5	82	1970
233	1676	83	1970
195	1449.5	84	1970
191	1278.5	85	1970
175	1054	86	1970
150	873.5	87	1970
124	724.5	88	1970
130	618.5	89	1970
89	498.5	90	1970
89	383.5	91	1970
66	264	92	1970
57	205	93	1970
56	152	94	1970
47	102	95	1970
34	61.5	96	1970
5	41.5	97	1970
5	29	98	1970
13	14.5	99	1970
6	11.5	100	1970
0	72	11	1971
0	115.5	12	1971
0	161.5	13	1971
0	230	14	1971
0	612	15	1971
2	3999	16	1971
15	11188	17	1971
6	19415	18	1971
29	30288.5	19	1971
50	43204.5	20	1971
41	60511	21	1971
74	81988	22	1971
62	107872	23	1971
84	137103	24	1971
81	143442	25	1971
94	136909	26	1971
97	146163.5	27	1971
94	149506.5	28	1971
89	141823.5	29	1971
98	131613.5	30	1971
86	132960.5	31	1971
91	141185	32	1971
92	144285.5	33	1971
114	144374.5	34	1971
115	144388.5	35	1971
117	143874	36	1971
116	141659	37	1971
140	141202.5	38	1971
185	144337.5	39	1971
181	146758	40	1971
217	147681	41	1971
222	146730.5	42	1971
282	145042	43	1971
265	143806.5	44	1971
334	143669.5	45	1971
387	142230	46	1971
455	138869	47	1971
457	136538.5	48	1971
544	136068.5	49	1971
629	139362	50	1971
704	140114	51	1971
563	117071.5	52	1971
531	94617	53	1971
616	96353.5	54	1971
802	101070	55	1971
864	101504.5	56	1971
927	100195.5	57	1971
1020	97257.5	58	1971
930	90366	59	1971
869	72856.5	60	1971
905	63217.5	61	1971
913	58592.5	62	1971
953	53605	63	1971
929	46658	64	1971
591	26912	65	1971
363	16204	66	1971
294	13018.5	67	1971
282	11184.5	68	1971
264	9855	69	1971
290	8219	70	1971
336	7093.5	71	1971
280	6103.5	72	1971
222	5200	73	1971
258	4745	74	1971
237	4192.5	75	1971
227	3630	76	1971
238	3287	77	1971
258	3021.5	78	1971
187	2778	79	1971
217	2461.5	80	1971
235	2160.5	81	1971
220	1935.5	82	1971
190	1676	83	1971
181	1421.5	84	1971
171	1204.5	85	1971
158	1031.5	86	1971
169	850.5	87	1971
137	686.5	88	1971
103	585	89	1971
114	481	90	1971
93	388	91	1971
84	284.5	92	1971
43	192	93	1971
35	146.5	94	1971
43	116	95	1971
26	62.5	96	1971
20	39	97	1971
6	28.5	98	1971
7	20	99	1971
0	10.5	100	1971
0	99.5	11	1972
0	144.5	12	1972
0	206	13	1972
1	261.5	14	1972
0	684.5	15	1972
4	4137	16	1972
10	11679.5	17	1972
20	20330	18	1972
34	31834	19	1972
39	44471	20	1972
48	60520	21	1972
58	80684	22	1972
81	102643	23	1972
77	129107	24	1972
89	158430.5	25	1972
110	162317.5	26	1972
88	152243.5	27	1972
92	160223.5	28	1972
75	162757.5	29	1972
86	153599	30	1972
94	142452.5	31	1972
84	142528.5	32	1972
87	150623.5	33	1972
113	153426	34	1972
117	153369	35	1972
134	152514	36	1972
147	151541	37	1972
156	148664.5	38	1972
173	147791	39	1972
199	150443.5	40	1972
202	152369.5	41	1972
240	152451.5	42	1972
271	150917	43	1972
257	148609	44	1972
350	146299	45	1972
387	145798.5	46	1972
434	143770.5	47	1972
463	140094	48	1972
514	136831.5	49	1972
545	135259	50	1972
679	138002.5	51	1972
814	137614	52	1972
696	115579	53	1972
632	92644.5	54	1972
744	92182	55	1972
797	96711.5	56	1972
926	97635.5	57	1972
993	95658	58	1972
1035	91502	59	1972
923	74248	60	1972
861	63098	61	1972
913	58231.5	62	1972
955	54179	63	1972
959	47893.5	64	1972
621	27521	65	1972
383	16460	66	1972
332	13253.5	67	1972
344	11257	68	1972
331	9765.5	69	1972
322	8366	70	1972
300	7141.5	71	1972
272	6282.5	72	1972
318	5514	73	1972
266	4693.5	74	1972
262	4196.5	75	1972
260	3705.5	76	1972
222	3224	77	1972
232	2920.5	78	1972
266	2660	79	1972
232	2381	80	1972
213	2127.5	81	1972
226	1870	82	1972
208	1663	83	1972
190	1433.5	84	1972
176	1168	85	1972
163	964	86	1972
150	840	87	1972
144	668	88	1972
116	544.5	89	1972
75	461	90	1972
66	378.5	91	1972
65	297.5	92	1972
70	200	93	1972
37	148	94	1972
33	108	95	1972
19	74	96	1972
21	40	97	1972
12	24.5	98	1972
8	20.5	99	1972
3	11	100	1972
0	140	11	1973
0	189	12	1973
0	259.5	13	1973
0	317.5	14	1973
1	646.5	15	1973
3	3797	16	1973
8	12153.5	17	1973
18	20911	18	1973
30	32550	19	1973
39	45808	20	1973
53	60514.5	21	1973
55	78390.5	22	1973
75	98985	23	1973
71	121614.5	24	1973
79	148506.5	25	1973
111	178747	26	1973
107	179329	27	1973
81	166467.5	28	1973
122	174545.5	29	1973
117	176609.5	30	1973
94	166173	31	1973
111	152621.5	32	1973
91	152474.5	33	1973
126	160639	34	1973
129	163142	35	1973
158	162463.5	36	1973
144	161334	37	1973
152	159715	38	1973
166	156296	39	1973
144	154786.5	40	1973
210	156775	41	1973
253	158217	42	1973
304	157519	43	1973
326	155529	44	1973
360	152165	45	1973
361	149373	46	1973
417	148340	47	1973
491	145719.5	48	1973
540	141296.5	49	1973
589	136780.5	50	1973
580	134682	51	1973
666	136807	52	1973
878	136821	53	1973
672	114021.5	54	1973
626	89258.5	55	1973
755	88948.5	56	1973
911	93684.5	57	1973
949	93997	58	1973
1035	90773	59	1973
885	76015.5	60	1973
805	64905	61	1973
946	58578.5	62	1973
950	54270	63	1973
966	48973.5	64	1973
582	28378.5	65	1973
367	16809.5	66	1973
350	13583.5	67	1973
324	11595.5	68	1973
306	9870.5	69	1973
300	8345.5	70	1973
271	7317	71	1973
252	6429.5	72	1973
293	5727	73	1973
264	4970	74	1973
249	4169.5	75	1973
265	3750	76	1973
281	3311	77	1973
242	2857	78	1973
224	2612	79	1973
248	2240	80	1973
212	2081.5	81	1973
226	1862	82	1973
207	1628.5	83	1973
208	1415.5	84	1973
147	1167.5	85	1973
155	964	86	1973
135	788	87	1973
136	682	88	1973
121	525	89	1973
105	438	90	1973
87	368	91	1973
64	301.5	92	1973
58	212.5	93	1973
31	157	94	1973
36	110.5	95	1973
32	76.5	96	1973
18	47	97	1973
11	29.5	98	1973
1	14	99	1973
3	11	100	1973
1	186.5	11	1974
0	214	12	1974
0	294.5	13	1974
1	367.5	14	1974
0	639	15	1974
2	3256	16	1974
14	12309	17	1974
29	21917.5	18	1974
34	33244	19	1974
31	46082.5	20	1974
48	60882	21	1974
66	76298.5	22	1974
64	93664	23	1974
55	114010	24	1974
61	136449	25	1974
87	163270.5	26	1974
98	192523.5	27	1974
102	191121.5	28	1974
108	176519.5	29	1974
125	184237.5	30	1974
92	185535.5	31	1974
79	173356.5	32	1974
103	158683	33	1974
125	158171	34	1974
111	166445	35	1974
157	168705.5	36	1974
137	167542	37	1974
185	165544.5	38	1974
163	163819	39	1974
161	159760.5	40	1974
184	157645.5	41	1974
215	159262.5	42	1974
288	160321.5	43	1974
297	159085.5	44	1974
373	155924.5	45	1974
373	152634.5	46	1974
395	149233.5	47	1974
454	147825.5	48	1974
486	144718	49	1974
575	139142.5	50	1974
621	134681.5	51	1974
687	132315	52	1974
793	134135	53	1974
956	133563.5	54	1974
746	109272.5	55	1974
706	85373.5	56	1974
782	85386.5	57	1974
910	89756.5	58	1974
1002	88716	59	1974
904	75061	60	1974
938	66304.5	61	1974
883	60274.5	62	1974
948	54448	63	1974
992	48939	64	1974
550	28363	65	1974
362	16844	66	1974
336	13617.5	67	1974
303	11728.5	68	1974
349	10116	69	1974
267	8416.5	70	1974
308	7214	71	1974
286	6598	72	1974
297	5863	73	1974
258	5145	74	1974
300	4358.5	75	1974
238	3699	76	1974
199	3350	77	1974
228	2949	78	1974
212	2551.5	79	1974
196	2187.5	80	1974
199	1986.5	81	1974
213	1807.5	82	1974
208	1600	83	1974
187	1368	84	1974
177	1157	85	1974
161	965	86	1974
134	789.5	87	1974
128	629	88	1974
105	542.5	89	1974
109	405.5	90	1974
101	326	91	1974
45	291	92	1974
78	221.5	93	1974
41	159.5	94	1974
28	123	95	1974
19	84	96	1974
13	50.5	97	1974
10	31.5	98	1974
4	19.5	99	1974
3	7.5	100	1974
0	200	11	1975
0	234.5	12	1975
0	304.3	13	1975
0	398.8	14	1975
0	676.6	15	1975
1	3014.8	16	1975
16	11887.9	17	1975
28	22682.3	18	1975
34	34649.4	19	1975
37	47151.6	20	1975
46	61605.4	21	1975
58	77743.2	22	1975
50	92697.2	23	1975
65	109738.7	24	1975
70	129490.4	25	1975
64	151039.8	26	1975
88	176890.6	27	1975
109	206430.3	28	1975
102	203006.4	29	1975
118	185975.8	30	1975
87	193467.3	31	1975
107	193551.6	32	1975
101	179902.2	33	1975
108	164191	34	1975
121	163347.4	35	1975
123	171620.3	36	1975
164	173381.9	37	1975
146	171529.6	38	1975
149	169344.6	39	1975
166	167111.8	40	1975
208	162372.9	41	1975
238	159565.2	42	1975
293	160910.1	43	1975
321	161586.6	44	1975
367	159265.1	45	1975
380	156113.1	46	1975
454	152151.2	47	1975
447	148398.7	48	1975
492	146658.3	49	1975
574	142362.7	50	1975
656	136739.8	51	1975
701	132250.5	52	1975
746	129675.7	53	1975
853	130889.6	54	1975
911	128120.9	55	1975
801	105014.7	56	1975
635	81941.6	57	1975
770	81887.4	58	1975
874	84757.9	59	1975
856	73645.7	60	1975
917	66026.2	61	1975
961	61774.4	62	1975
880	56178.2	63	1975
903	49098.4	64	1975
573	28079.3	65	1975
368	16892.5	66	1975
353	13626.8	67	1975
290	11788.3	68	1975
300	10299.6	69	1975
262	8679.1	70	1975
266	7381.3	71	1975
292	6558.4	72	1975
276	6048.8	73	1975
289	5283.8	74	1975
287	4560.8	75	1975
252	3881.8	76	1975
248	3359.3	77	1975
219	3067.2	78	1975
208	2615.5	79	1975
189	2188.2	80	1975
241	1945.7	81	1975
187	1724.1	82	1975
189	1564.5	83	1975
189	1337.2	84	1975
182	1127	85	1975
168	944.5	86	1975
149	813.9	87	1975
111	626.8	88	1975
109	521.7	89	1975
96	422.7	90	1975
99	299.1	91	1975
68	250.6	92	1975
57	208	93	1975
46	150.8	94	1975
43	117.4	95	1975
24	89.9	96	1975
25	57.3	97	1975
13	28.8	98	1975
3	23.5	99	1975
2	12.3	100	1975
0	224.6	11	1976
0	247.6	12	1976
0	332.2	13	1976
0	428.1	14	1976
0	702.3	15	1976
2	3009.7	16	1976
10	11257	17	1976
22	21763.8	18	1976
40	34327.4	19	1976
38	47462.1	20	1976
47	61130.8	21	1976
54	76957.5	22	1976
53	93214.5	23	1976
66	107674.4	24	1976
57	124140.9	25	1976
79	142741.9	26	1976
76	163628	27	1976
106	189506	28	1976
123	218423.3	29	1976
121	214721.8	30	1976
117	195793.1	31	1976
104	201677.1	32	1976
138	201347.5	33	1976
124	187013.7	34	1976
138	170164.1	35	1976
166	168561.7	36	1976
189	176502.7	37	1976
183	178098.1	38	1976
206	175639	39	1976
185	173188.9	40	1976
237	170205.5	41	1976
256	164764.8	42	1976
258	161607.8	43	1976
293	162392.5	44	1976
313	162322.8	45	1976
404	159692.6	46	1976
461	155971.8	47	1976
449	151617	48	1976
503	147532.8	49	1976
618	144365.6	50	1976
590	139808	51	1976
602	134591.5	52	1976
742	129684.6	53	1976
838	126748.5	54	1976
881	125479.8	55	1976
1034	123203.2	56	1976
851	101184.2	57	1976
687	78586	58	1976
774	77267.4	59	1976
891	70710.2	60	1976
930	64992.2	61	1976
934	61628.5	62	1976
950	57751.6	63	1976
909	50797	64	1976
572	28043	65	1976
344	16446.3	66	1976
328	13641.9	67	1976
306	11812.4	68	1976
288	10423.8	69	1976
317	8915	70	1976
305	7710	71	1976
289	6723.8	72	1976
252	6004.2	73	1976
244	5525.9	74	1976
269	4726.8	75	1976
287	4081.4	76	1976
250	3503.6	77	1976
245	3056.7	78	1976
255	2706.3	79	1976
233	2250.9	80	1976
185	1896.4	81	1976
185	1695.4	82	1976
164	1500.5	83	1976
193	1307.9	84	1976
158	1080.1	85	1976
151	905.2	86	1976
130	786.9	87	1976
152	658.6	88	1976
108	502.6	89	1976
67	420.4	90	1976
74	332.6	91	1976
55	220.8	92	1976
56	180.8	93	1976
53	141.3	94	1976
33	98.5	95	1976
23	79.8	96	1976
24	60.1	97	1976
12	33.3	98	1976
5	18	99	1976
2	22.5	100	1976
0	223.3	11	1977
0	257.8	12	1977
0	346	13	1977
0	446	14	1977
0	702.7	15	1977
1	3008.8	16	1977
7	10880	17	1977
21	20122.2	18	1977
34	31960.2	19	1977
52	44927.3	20	1977
29	58260.7	21	1977
47	71883.8	22	1977
43	87040.2	23	1977
48	102321.4	24	1977
71	115963.4	25	1977
68	131495	26	1977
60	149102.6	27	1977
87	169424.7	28	1977
113	194446.6	29	1977
126	224963	30	1977
100	219374.2	31	1977
107	198452.3	32	1977
135	204913.9	33	1977
129	204012.4	34	1977
144	189305	35	1977
152	171154.3	36	1977
116	169622.2	37	1977
171	177209.4	38	1977
196	178300.5	39	1977
202	175633.2	40	1977
195	172727.2	41	1977
237	169310	42	1977
264	163670.6	43	1977
317	160035.9	44	1977
365	160106.9	45	1977
363	160011.1	46	1977
430	157045.1	47	1977
423	153046	48	1977
492	148363.2	49	1977
563	142943.7	50	1977
579	139717.7	51	1977
651	135607.4	52	1977
698	130052.2	53	1977
878	124880.9	54	1977
795	119718	55	1977
871	118821.3	56	1977
1114	117299.5	57	1977
865	95841.3	58	1977
797	73339	59	1977
754	63782.1	60	1977
880	61679.1	61	1977
901	59820.1	62	1977
916	56854.5	63	1977
906	51669	64	1977
529	28446.6	65	1977
325	15758.6	66	1977
311	13208.6	67	1977
304	11691.9	68	1977
272	10365.6	69	1977
289	8965.5	70	1977
273	7788.1	71	1977
286	6949.4	72	1977
291	6098.3	73	1977
263	5459.3	74	1977
262	4907.9	75	1977
286	4197.9	76	1977
256	3618	77	1977
225	3138.5	78	1977
212	2732.1	79	1977
218	2294.3	80	1977
205	1924.1	81	1977
156	1660.5	82	1977
171	1462.2	83	1977
151	1245.2	84	1977
148	1055	85	1977
144	853.7	86	1977
131	738.5	87	1977
101	644.1	88	1977
102	519.9	89	1977
74	400.5	90	1977
69	337	91	1977
63	260.9	92	1977
51	156.8	93	1977
27	128.9	94	1977
29	94	95	1977
18	69	96	1977
17	57.5	97	1977
18	37.8	98	1977
5	21	99	1977
2	19.5	100	1977
0	192.3	11	1978
0	248.7	12	1978
0	352.1	13	1978
0	459.6	14	1978
0	691.9	15	1978
3	2808	16	1978
8	10799.4	17	1978
20	19553.2	18	1978
29	30118	19	1978
20	42406.6	20	1978
53	55566.9	21	1978
49	68633.1	22	1978
53	81457.9	23	1978
66	96279.1	24	1978
52	111156.4	25	1978
60	124266.1	26	1978
71	139038.2	27	1978
85	156511.9	28	1978
106	176857.7	29	1978
110	202549.7	30	1978
151	233276.7	31	1978
114	227085	32	1978
100	205051.3	33	1978
145	211003	34	1978
148	210312.4	35	1978
174	194741.4	36	1978
149	176324.3	37	1978
156	173976.5	38	1978
215	181640.9	39	1978
232	182362.1	40	1978
209	179296.9	41	1978
256	176068.1	42	1978
259	172302.6	43	1978
271	166145.9	44	1978
314	161649.3	45	1978
351	161610.2	46	1978
399	161109.4	47	1978
408	157556.6	48	1978
443	153181.7	49	1978
537	147271.1	50	1978
631	141830.7	51	1978
683	138372.1	52	1978
813	133932.3	53	1978
723	127839.4	54	1978
824	120561.2	55	1978
889	116125.9	56	1978
944	115327.4	57	1978
1100	113611.3	58	1978
872	91921.9	59	1978
693	62199.1	60	1978
708	56989.1	61	1978
793	58099.9	62	1978
945	56456.4	63	1978
928	52007	64	1978
565	29465.5	65	1978
345	16338.1	66	1978
265	13188.2	67	1978
297	11699.2	68	1978
335	10566.1	69	1978
275	9127	70	1978
268	8082.7	71	1978
285	7239.1	72	1978
287	6467.2	73	1978
267	5638.8	74	1978
288	4936.4	75	1978
258	4465.6	76	1978
263	3818.5	77	1978
286	3289.7	78	1978
232	2843.1	79	1978
246	2362.1	80	1978
194	2002.1	81	1978
171	1708.1	82	1978
168	1459.8	83	1978
150	1226.3	84	1978
137	1040.1	85	1978
157	863	86	1978
133	691.3	87	1978
104	601.5	88	1978
96	530.3	89	1978
85	407	90	1978
69	319	91	1978
81	266	92	1978
35	187.8	93	1978
29	120.8	94	1978
24	91.6	95	1978
14	70.3	96	1978
15	49.8	97	1978
12	36.3	98	1978
9	27.8	99	1978
2	21	100	1978
0	164.4	11	1979
0	236.5	12	1979
0	377.8	13	1979
0	504	14	1979
1	741.6	15	1979
9	2589.4	16	1979
16	10133.5	17	1979
23	19062.2	18	1979
0	29067	19	1979
41	40081.7	20	1979
39	52659.4	21	1979
46	65593.7	22	1979
63	77896.7	23	1979
61	90562.4	24	1979
53	104851.9	25	1979
51	119157.6	26	1979
81	131728.2	27	1979
66	145628.3	28	1979
74	163279.2	29	1979
91	184061.7	30	1979
116	209886.3	31	1979
127	240896.1	32	1979
147	233833.5	33	1979
130	210642.3	34	1979
177	216445.3	35	1979
147	215632.6	36	1979
171	199589.1	37	1979
141	180120.3	38	1979
166	177801.6	39	1979
209	184982.5	40	1979
234	185617.3	41	1979
249	181966.6	42	1979
245	178607.2	43	1979
306	174401.8	44	1979
314	167308.1	45	1979
351	162624.9	46	1979
410	162225.4	47	1979
466	161322.6	48	1979
581	157488	49	1979
594	151976.1	50	1979
574	145889.8	51	1979
637	140347	52	1979
773	136704.4	53	1979
821	131686.6	54	1979
788	123704.6	55	1979
868	117042.1	56	1979
865	112861.5	57	1979
1000	111661.7	58	1979
1149	108710.5	59	1979
811	78619.1	60	1979
644	55534.3	61	1979
801	53658.8	62	1979
908	54658.8	63	1979
815	51428	64	1979
541	29230	65	1979
308	16739.5	66	1979
282	13501.4	67	1979
277	11535	68	1979
282	10481.6	69	1979
303	9234.5	70	1979
285	8161.5	71	1979
265	7438	72	1979
297	6691.1	73	1979
289	5981.1	74	1979
272	5070.9	75	1979
271	4484	76	1979
283	4029.6	77	1979
221	3442.2	78	1979
236	2967.7	79	1979
212	2474.9	80	1979
204	2058	81	1979
188	1762.6	82	1979
157	1510.9	83	1979
143	1249.6	84	1979
154	1106.3	85	1979
125	921.3	86	1979
101	758.6	87	1979
106	606.6	88	1979
120	521	89	1979
91	457.5	90	1979
69	349.8	91	1979
75	266.5	92	1979
62	201.3	93	1979
45	146.8	94	1979
23	100.6	95	1979
29	77.4	96	1979
11	55.3	97	1979
13	41.5	98	1979
7	30.3	99	1979
5	32.5	100	1979
0	111.3	11	1980
0	219.1	12	1980
0	385.2	13	1980
1	548.7	14	1980
0	820.3	15	1980
2	2576.4	16	1980
5	9626.3	17	1980
20	17933.7	18	1980
29	27848.6	19	1980
27	37786	20	1980
35	48889.7	21	1980
51	61347.4	22	1980
35	73597.5	23	1980
52	85107.9	24	1980
51	97114.5	25	1980
55	110738.4	26	1980
90	124254	27	1980
73	136119.8	28	1980
94	149716.4	29	1980
86	167226	30	1980
95	188347	31	1980
112	213765.2	32	1980
130	245211.7	33	1980
134	237425.7	34	1980
161	213500.8	35	1980
152	219590.6	36	1980
161	218734.1	37	1980
219	201824.9	38	1980
189	182152.4	39	1980
176	179451.3	40	1980
231	186691.2	41	1980
258	186567.1	42	1980
238	183247.5	43	1980
333	179538.9	44	1980
371	174638	45	1980
352	167335.1	46	1980
388	162507.9	47	1980
415	161876.2	48	1980
574	160696.1	49	1980
557	155787.8	50	1980
623	150275.8	51	1980
697	144163.8	52	1980
709	138454.7	53	1980
768	134294.7	54	1980
833	127430.3	55	1980
867	119803	56	1980
889	113448.4	57	1980
979	108931.5	58	1980
1111	106364.9	59	1980
1177	92973.8	60	1980
844	69803.3	61	1980
746	52028.8	62	1980
808	50263.4	63	1980
865	49603	64	1980
521	28804.5	65	1980
297	16690.5	66	1980
330	13838.9	67	1980
313	11787.8	68	1980
261	10298	69	1980
268	9202.2	70	1980
297	8278.7	71	1980
290	7549.2	72	1980
284	6877.7	73	1980
270	6206.3	74	1980
287	5414.5	75	1980
281	4613.2	76	1980
288	4055.7	77	1980
280	3631.2	78	1980
257	3105.5	79	1980
234	2589.9	80	1980
216	2176.4	81	1980
180	1823.4	82	1980
206	1549.6	83	1980
196	1266.4	84	1980
119	1103.3	85	1980
127	919.8	86	1980
127	769.9	87	1980
92	634.9	88	1980
89	489.8	89	1980
76	425	90	1980
71	367.5	91	1980
49	274	92	1980
42	187	93	1980
32	149.3	94	1980
36	114.5	95	1980
15	75.3	96	1980
16	56.6	97	1980
6	40.8	98	1980
4	30.8	99	1980
3	39.8	100	1980
0	75.3	11	1981
0	171.7	12	1981
0	365.9	13	1981
0	545.4	14	1981
0	861.4	15	1981
2	2394.2	16	1981
6	8596.4	17	1981
17	16584.5	18	1981
19	25296.9	19	1981
26	34922.4	20	1981
27	44593.2	21	1981
36	55245.4	22	1981
43	67130.2	23	1981
47	78248.9	24	1981
50	88919.6	25	1981
63	100110.5	26	1981
58	112566.7	27	1981
58	125577.3	28	1981
69	136591.4	29	1981
79	150125.4	30	1981
74	167810.5	31	1981
98	188270.3	32	1981
130	213512.9	33	1981
178	244985.3	34	1981
167	236573.9	35	1981
130	213158.6	36	1981
181	219331.6	37	1981
177	218309.2	38	1981
180	201323.7	39	1981
179	181604.1	40	1981
200	179091.7	41	1981
261	185990.8	42	1981
253	186179.7	43	1981
288	182337.7	44	1981
312	178309.5	45	1981
377	173241.4	46	1981
357	165977.4	47	1981
371	161029	48	1981
489	160020.9	49	1981
584	157972.4	50	1981
650	153310.2	51	1981
612	147602.5	52	1981
695	141331.2	53	1981
764	135463.1	54	1981
820	129427.2	55	1981
905	122945.7	56	1981
976	115630.2	57	1981
980	109078.7	58	1981
1079	103457.9	59	1981
979	90633.1	60	1981
1050	82355.7	61	1981
842	65169.6	62	1981
794	48532.5	63	1981
719	45366.5	64	1981
487	27512.8	65	1981
286	16495.6	66	1981
254	13800.4	67	1981
294	12149.9	68	1981
294	10551.9	69	1981
271	9100.9	70	1981
292	8281.3	71	1981
285	7675.6	72	1981
319	7002.7	73	1981
309	6392	74	1981
306	5679.1	75	1981
268	4907.1	76	1981
288	4202.1	77	1981
216	3680.6	78	1981
244	3283.7	79	1981
268	2685.1	80	1981
248	2271.3	81	1981
194	1923.1	82	1981
183	1593.9	83	1981
176	1295.1	84	1981
131	1029.8	85	1981
140	861	86	1981
107	722.5	87	1981
93	594.5	88	1981
89	488	89	1981
71	367.5	90	1981
81	316.3	91	1981
65	261.5	92	1981
45	196.8	93	1981
25	138.8	94	1981
28	108.5	95	1981
23	75.3	96	1981
6	48	97	1981
7	39	98	1981
5	30	99	1981
1	40.5	100	1981
1	79.4	11	1982
0	137.7	12	1982
0	319.1	13	1982
0	507.1	14	1982
1	846.7	15	1982
0	2038.9	16	1982
4	6254.1	17	1982
15	13382.6	18	1982
21	21310.7	19	1982
25	29678.5	20	1982
27	38564.9	21	1982
30	47727.9	22	1982
45	57410.3	23	1982
40	68130.7	24	1982
49	78059.4	25	1982
46	87613.8	26	1982
61	97594.7	27	1982
47	109237	28	1982
71	121081.7	29	1982
65	131716.6	30	1982
69	145009.2	31	1982
111	161670.9	32	1982
117	181299	33	1982
111	205764.9	34	1982
153	236717.9	35	1982
178	228169.1	36	1982
139	205197.9	37	1982
210	211992.2	38	1982
155	210628.7	39	1982
212	194179.4	40	1982
192	174886.7	41	1982
226	172444.6	42	1982
236	179513.7	43	1982
301	179389.6	44	1982
314	174888.6	45	1982
366	170777.4	46	1982
362	166221.4	47	1982
381	159218.4	48	1982
432	154023.9	49	1982
484	152458.2	50	1982
582	150447.6	51	1982
633	145800.1	52	1982
699	140180.1	53	1982
690	134417.4	54	1982
779	126476.4	55	1982
829	121092	56	1982
861	115249.7	57	1982
910	107938.2	58	1982
981	100734.9	59	1982
826	85942.6	60	1982
946	78752.9	61	1982
1052	75214.6	62	1982
859	59275.1	63	1982
713	42689.1	64	1982
401	24183.1	65	1982
323	15530.8	66	1982
255	13350.7	67	1982
249	11960.7	68	1982
265	10709.9	69	1982
244	9129.4	70	1982
246	7997.8	71	1982
263	7455.9	72	1982
254	6987.2	73	1982
300	6326.4	74	1982
314	5682.5	75	1982
299	5000.3	76	1982
257	4343.2	77	1982
255	3737	78	1982
288	3241.7	79	1982
258	2671.6	80	1982
206	2231.6	81	1982
202	1908.6	82	1982
208	1603	83	1982
134	1288	84	1982
140	997.8	85	1982
116	798.8	86	1982
119	681.8	87	1982
102	554	88	1982
86	458.3	89	1982
74	373.5	90	1982
63	274.3	91	1982
40	227	92	1982
35	187.3	93	1982
38	133.8	94	1982
28	94.8	95	1982
20	68	96	1982
10	49.5	97	1982
4	35.8	98	1982
5	31.8	99	1982
4	36.5	100	1982
1	100.75	11	1983
2	150.25	12	1983
0	285	13	1983
0	494.5	14	1983
0	806	15	1983
2	1835.25	16	1983
6	4895	17	1983
11	10022.25	18	1983
14	17681	19	1983
19	25404	20	1983
18	33266.75	21	1983
30	41888	22	1983
15	49983.5	23	1983
29	58539.75	24	1983
26	68531.25	25	1983
42	77426.75	26	1983
52	85964	27	1983
41	95453.75	28	1983
70	105899	29	1983
65	117332.25	30	1983
67	127734.75	31	1983
84	140566.5	32	1983
105	156976	33	1983
112	176374.5	34	1983
153	200934.75	35	1983
153	231377.5	36	1983
161	222998.75	37	1983
158	201723	38	1983
177	208388	39	1983
201	207380	40	1983
229	191397.5	41	1983
202	172780.25	42	1983
259	170604.25	43	1983
274	177860.25	44	1983
296	177489	45	1983
360	173596.75	46	1983
412	169966	47	1983
407	165699.5	48	1983
477	158535.25	49	1983
541	153180.75	50	1983
553	152331.25	51	1983
543	150516.5	52	1983
620	145753.75	53	1983
745	140058.5	54	1983
828	131936	55	1983
876	124431.5	56	1983
893	119434	57	1983
1005	113326.5	58	1983
948	105155.25	59	1983
926	87970	60	1983
902	78209	61	1983
975	74996.5	62	1983
1177	71731.75	63	1983
851	55280.75	64	1983
432	24506.5	65	1983
262	14839.5	66	1983
288	13428.5	67	1983
229	12283.5	68	1983
330	11137.5	69	1983
275	9778	70	1983
289	8467.5	71	1983
251	7621.25	72	1983
301	7207.5	73	1983
258	6682.75	74	1983
325	5954	75	1983
272	5311.5	76	1983
283	4696.75	77	1983
290	4097.25	78	1983
258	3471.75	79	1983
243	2874.5	80	1983
242	2439.25	81	1983
213	2022.25	82	1983
223	1731.5	83	1983
168	1407.25	84	1983
128	1094.5	85	1983
123	865.25	86	1983
117	684.75	87	1983
90	579.5	88	1983
116	465.75	89	1983
85	379.5	90	1983
48	293.75	91	1983
57	225.75	92	1983
34	185	93	1983
40	153.75	94	1983
30	108.25	95	1983
22	70.5	96	1983
20	54.5	97	1983
5	38	98	1983
8	31	99	1983
6	41.5	100	1983
0	95.5	11	1984
0	156.75	12	1984
0	274	13	1984
0	454.75	14	1984
0	739.25	15	1984
3	1704.5	16	1984
1	4434.25	17	1984
3	8562.25	18	1984
12	14292	19	1984
15	21584.25	20	1984
21	28554.5	21	1984
28	35844	22	1984
23	43174	23	1984
17	49926.75	24	1984
38	57471.5	25	1984
38	65946.75	26	1984
43	73588.25	27	1984
53	81253	28	1984
56	89393	29	1984
47	99310.5	30	1984
59	109833	31	1984
62	119645	32	1984
76	132122.75	33	1984
91	147813	34	1984
111	167066	35	1984
109	190766.75	36	1984
154	220250	37	1984
209	213125.25	38	1984
149	192718.5	39	1984
169	199441.5	40	1984
201	199148	41	1984
194	183867.75	42	1984
220	165913.25	43	1984
287	164027.25	44	1984
317	170581	45	1984
347	170892	46	1984
343	167315.25	47	1984
424	163866.75	48	1984
494	159623.5	49	1984
457	152200	50	1984
513	148339.75	51	1984
574	148166.75	52	1984
666	146252.5	53	1984
717	141325.25	54	1984
700	133762.25	55	1984
788	126220.75	56	1984
848	119272.75	57	1984
880	114251.5	58	1984
918	107165	59	1984
888	89188.25	60	1984
879	77751.5	61	1984
887	72645.75	62	1984
1073	69743.5	63	1984
1065	64856.5	64	1984
524	31062.75	65	1984
243	14367.25	66	1984
215	12455.25	67	1984
274	12067.75	68	1984
273	11191.5	69	1984
257	9987.75	70	1984
283	8878.5	71	1984
244	7922.25	72	1984
291	7181	73	1984
245	6752.25	74	1984
276	6157.25	75	1984
306	5445.5	76	1984
256	4866.5	77	1984
250	4290.75	78	1984
262	3677.25	79	1984
264	3000.75	80	1984
212	2534.5	81	1984
194	2151	82	1984
211	1752	83	1984
174	1444.25	84	1984
130	1123.75	85	1984
137	902.5	86	1984
91	718.75	87	1984
116	568.75	88	1984
72	459.75	89	1984
63	383.75	90	1984
63	289.75	91	1984
45	234.75	92	1984
29	175.75	93	1984
35	139.75	94	1984
34	116	95	1984
19	73.75	96	1984
10	51.5	97	1984
4	41.5	98	1984
6	30.5	99	1984
3	48.5	100	1984
0	122.5	11	1985
0	168	12	1985
0	304	13	1985
0	480.75	14	1985
0	771.75	15	1985
0	1732	16	1985
0	4350.75	17	1985
8	8641.5	18	1985
8	14021.75	19	1985
13	20129	20	1985
24	27084.75	21	1985
26	33455.5	22	1985
14	39589.75	23	1985
27	45836.75	24	1985
37	51725	25	1985
38	58517.75	26	1985
23	66400.5	27	1985
46	73417	28	1985
33	80442.5	29	1985
55	88708.75	30	1985
56	98618.5	31	1985
44	108672.75	32	1985
84	118634.25	33	1985
64	131229.5	34	1985
91	147138.25	35	1985
141	166167.25	36	1985
144	189975.5	37	1985
207	219312.25	38	1985
189	210444.75	39	1985
182	191639	40	1985
256	198862.75	41	1985
219	198332.5	42	1985
220	183074	43	1985
271	165331.5	44	1985
295	163554.5	45	1985
342	170443.5	46	1985
366	170991	47	1985
351	167282.25	48	1985
415	163815.25	49	1985
503	158936.75	50	1985
506	152106.25	51	1985
610	148981.5	52	1985
633	148626.25	53	1985
666	146525.75	54	1985
707	139136	55	1985
774	132228.75	56	1985
854	125154	57	1985
923	118318.75	58	1985
945	111619	59	1985
857	94496.75	60	1985
935	81564.5	61	1985
922	74810.75	62	1985
1031	70154.5	63	1985
996	63795.5	64	1985
696	37401	65	1985
334	18599.25	66	1985
288	12715.5	67	1985
259	11771.75	68	1985
274	11549	69	1985
291	10591.5	70	1985
263	9656.25	71	1985
301	8755	72	1985
282	7934	73	1985
289	7153.25	74	1985
284	6599.25	75	1985
308	6072	76	1985
334	5385.75	77	1985
312	4840.75	78	1985
298	4258.25	79	1985
282	3450	80	1985
306	2864	81	1985
222	2441	82	1985
208	2060.5	83	1985
204	1643	84	1985
167	1290.5	85	1985
159	1035.25	86	1985
126	856	87	1985
99	687.5	88	1985
93	520	89	1985
96	422	90	1985
70	327.5	91	1985
46	248.25	92	1985
48	211.5	93	1985
40	147	94	1985
31	112.5	95	1985
19	89	96	1985
24	59.5	97	1985
10	45	98	1985
8	31	99	1985
6	53	100	1985
0	131.75	11	1986
0	165	12	1986
0	279	13	1986
0	464	14	1986
0	756.75	15	1986
3	1678.25	16	1986
4	4120.5	17	1986
2	8184.25	18	1986
8	13560.25	19	1986
14	18817.5	20	1986
12	24404	21	1986
21	30287	22	1986
18	35763.25	23	1986
23	41157.25	24	1986
27	46472.5	25	1986
30	51749	26	1986
27	57527.5	27	1986
32	64515	28	1986
45	70694	29	1986
43	77510.25	30	1986
32	85583.25	31	1986
53	94609.5	32	1986
67	104347.75	33	1986
82	114061.75	34	1986
85	126322	35	1986
94	141743	36	1986
137	160475	37	1986
180	183553.75	38	1986
180	210459.25	39	1986
227	203429.25	40	1986
186	185593.75	41	1986
230	192430.5	42	1986
203	191991	43	1986
307	177209	44	1986
255	160131.75	45	1986
320	158004.75	46	1986
330	164812.25	47	1986
398	165500.5	48	1986
388	161685	49	1986
491	157755	50	1986
523	153600.25	51	1986
593	147634.25	52	1986
577	144518	53	1986
669	143685	54	1986
771	139353.5	55	1986
753	132869	56	1986
804	126617	57	1986
921	119766.25	58	1986
981	111278	59	1986
965	95359	60	1986
938	83457	61	1986
914	75771.25	62	1986
969	69315	63	1986
940	60588.75	64	1986
571	36296.75	65	1986
340	22354.25	66	1986
306	16202	67	1986
233	11595	68	1986
221	10809	69	1986
284	10458.25	70	1986
244	9812.5	71	1986
281	9132.25	72	1986
313	8337	73	1986
316	7485.5	74	1986
283	6633.75	75	1986
335	6122.75	76	1986
348	5631.5	77	1986
300	4996.25	78	1986
327	4507.75	79	1986
259	3702.25	80	1986
243	3052.25	81	1986
222	2572.75	82	1986
262	2172.5	83	1986
214	1767.75	84	1986
181	1345.5	85	1986
131	1098	86	1986
125	878	87	1986
123	742	88	1986
79	562.5	89	1986
72	417.5	90	1986
70	328	91	1986
69	252.25	92	1986
45	199	93	1986
29	164	94	1986
20	116	95	1986
26	84	96	1986
15	63	97	1986
6	45.25	98	1986
6	30.25	99	1986
3	52	100	1986
0	117	11	1987
0	148.25	12	1987
0	238.25	13	1987
0	372	14	1987
0	614.5	15	1987
0	1395.75	16	1987
3	3547	17	1987
8	7153.5	18	1987
14	11588	19	1987
11	15934.5	20	1987
11	20364.25	21	1987
14	24879.75	22	1987
14	29631.25	23	1987
17	34221.75	24	1987
20	38478	25	1987
19	42580	26	1987
38	46599.25	27	1987
21	50963	28	1987
16	56334	29	1987
33	61276.5	30	1987
38	67338	31	1987
46	74021	32	1987
57	81503.75	33	1987
63	90028	34	1987
62	98546.25	35	1987
63	108675.25	36	1987
88	122203.25	37	1987
125	138425.75	38	1987
116	158145.5	39	1987
151	181300.5	40	1987
181	177363.5	41	1987
133	160980.5	42	1987
228	167040.75	43	1987
221	167195.75	44	1987
311	154017.25	45	1987
247	139138.75	46	1987
287	136869.25	47	1987
331	143001.75	48	1987
336	143331.5	49	1987
382	139659.5	50	1987
423	136980	51	1987
520	133745.25	52	1987
489	128756.25	53	1987
525	125253.5	54	1987
664	122706	55	1987
697	119461	56	1987
811	114202	57	1987
770	108702.25	58	1987
838	101254.25	59	1987
763	85071	60	1987
814	75243.25	61	1987
832	69020.25	62	1987
826	62546	63	1987
789	54273.5	64	1987
507	31443	65	1987
331	19611.75	66	1987
314	17149	67	1987
244	13107.75	68	1987
198	9449.5	69	1987
221	8736.25	70	1987
254	8540.25	71	1987
242	8214.5	72	1987
288	7519.75	73	1987
293	6891	74	1987
244	6070.5	75	1987
274	5326	76	1987
218	4930	77	1987
275	4546	78	1987
240	4031.75	79	1987
263	3488	80	1987
222	2911	81	1987
206	2470.75	82	1987
203	2051.5	83	1987
146	1663.25	84	1987
161	1295.75	85	1987
133	1026.75	86	1987
107	850.75	87	1987
115	679.25	88	1987
89	554.75	89	1987
83	419.5	90	1987
71	284.25	91	1987
58	225.5	92	1987
29	180.25	93	1987
31	154.25	94	1987
31	121.75	95	1987
28	78	96	1987
5	61.25	97	1987
8	48	98	1987
4	35	99	1987
4	52.5	100	1987
0	101.5	11	1988
0	133	12	1988
0	223.75	13	1988
0	354	14	1988
0	560	15	1988
1	1303.5	16	1988
3	3620	17	1988
3	7397.75	18	1988
15	11820.5	19	1988
11	16179	20	1988
9	20578.75	21	1988
16	25071.5	22	1988
19	29381	23	1988
32	34551.25	24	1988
22	39361.75	25	1988
21	43631.25	26	1988
15	47122	27	1988
28	50128	28	1988
22	53721.25	29	1988
31	58306.25	30	1988
34	62813.25	31	1988
38	68156	32	1988
36	73922.25	33	1988
53	80834.25	34	1988
57	88817	35	1988
41	96717	36	1988
61	106305.5	37	1988
81	119113.75	38	1988
124	134374.25	39	1988
133	153449	40	1988
178	178013.25	41	1988
171	173165.75	42	1988
185	156671.5	43	1988
254	162611.5	44	1988
237	162439.75	45	1988
283	149861.75	46	1988
263	134676.5	47	1988
318	132475.5	48	1988
378	137939.5	49	1988
359	137851.75	50	1988
415	135501	51	1988
402	133295.25	52	1988
541	130191.5	53	1988
499	124789	54	1988
568	119373.75	55	1988
646	117715.25	56	1988
673	115174.25	57	1988
706	110004	58	1988
785	103332.5	59	1988
735	87196.5	60	1988
804	76116.25	61	1988
861	70476.5	62	1988
847	64855	63	1988
835	56757.25	64	1988
484	32241.25	65	1988
300	19441	66	1988
298	16955.25	67	1988
322	15615.25	68	1988
256	11982.5	69	1988
239	8494.25	70	1988
204	7977.25	71	1988
267	8106.5	72	1988
259	7754.5	73	1988
253	7145.25	74	1988
284	6454.25	75	1988
278	5710.5	76	1988
284	5074	77	1988
288	4688.5	78	1988
307	4285.25	79	1988
256	3664.5	80	1988
261	3203.5	81	1988
206	2683.75	82	1988
234	2233.25	83	1988
217	1783.5	84	1988
168	1382.25	85	1988
132	1077.75	86	1988
107	865	87	1988
108	713	88	1988
102	552.5	89	1988
97	440.5	90	1988
69	307	91	1988
46	217.25	92	1988
30	178.25	93	1988
29	149	94	1988
21	118.25	95	1988
28	90.5	96	1988
25	60.5	97	1988
6	50.25	98	1988
9	40	99	1988
5	61.5	100	1988
0	113	11	1989
1	148.5	12	1989
0	215.25	13	1989
0	330.75	14	1989
0	521.5	15	1989
0	1258.75	16	1989
2	3767.5	17	1989
6	7921.75	18	1989
6	12275	19	1989
15	16581.5	20	1989
14	21071.5	21	1989
11	25751.5	22	1989
23	30122.5	23	1989
17	34904.5	24	1989
25	40275.5	25	1989
41	45436.25	26	1989
19	49298	27	1989
34	51990.5	28	1989
16	54339.25	29	1989
30	57723.25	30	1989
39	62203.25	31	1989
37	66674.25	32	1989
49	72074.5	33	1989
37	77816.75	34	1989
73	84827	35	1989
55	92995.5	36	1989
80	100947.5	37	1989
107	110796.5	38	1989
101	123704.5	39	1989
135	139102.25	40	1989
176	158604.75	41	1989
185	183138.75	42	1989
207	177492.5	43	1989
184	160438.75	44	1989
239	165359.25	45	1989
289	164944.75	46	1989
315	151675.25	47	1989
305	136205.25	48	1989
262	133658.75	49	1989
351	137859.75	50	1989
418	138298	51	1989
467	135921	52	1989
496	133329	53	1989
552	129606.75	54	1989
534	122150.75	55	1989
560	117313.5	56	1989
703	116093	57	1989
712	113216.5	58	1989
805	106658.5	59	1989
774	90621.25	60	1989
720	79018.5	61	1989
839	72188.75	62	1989
816	66805.5	63	1989
777	59288.75	64	1989
467	33233.5	65	1989
298	19821.25	66	1989
265	16690.25	67	1989
268	15345	68	1989
313	14375.5	69	1989
268	10829.25	70	1989
243	7786.75	71	1989
211	7533.75	72	1989
240	7657	73	1989
299	7293.75	74	1989
280	6611.5	75	1989
275	5962.25	76	1989
258	5333.5	77	1989
299	4724.5	78	1989
302	4329.25	79	1989
282	3780.75	80	1989
300	3300.25	81	1989
254	2883.75	82	1989
226	2415	83	1989
192	1943.5	84	1989
188	1464	85	1989
173	1169.75	86	1989
98	928.25	87	1989
106	755	88	1989
95	598	89	1989
64	456	90	1989
56	353	91	1989
44	253.5	92	1989
32	179.5	93	1989
25	149.5	94	1989
18	122	95	1989
15	97.5	96	1989
13	70	97	1989
6	48.75	98	1989
6	42.5	99	1989
4	74	100	1989
0	140.5	11	1990
0	144.5	12	1990
1	193.5	13	1990
0	274	14	1990
0	444.5	15	1990
0	1221.75	16	1990
3	3963.75	17	1990
7	8500	18	1990
10	13382.5	19	1990
16	17761	20	1990
12	22466.25	21	1990
23	27453.75	22	1990
25	32437.5	23	1990
24	37295.75	24	1990
23	42393.75	25	1990
18	47837.75	26	1990
26	52349.5	27	1990
28	55369.25	28	1990
42	57082	29	1990
33	58845.75	30	1990
33	61648.75	31	1990
39	65749	32	1990
47	69646.75	33	1990
50	74314.5	34	1990
52	79637.75	35	1990
95	86240.5	36	1990
78	93989	37	1990
98	101642	38	1990
110	111248.75	39	1990
101	123761	40	1990
151	138814.75	41	1990
158	157915.75	42	1990
215	182080.25	43	1990
238	176007.25	44	1990
253	158643.75	45	1990
277	163691.5	46	1990
316	163033	47	1990
314	150055	48	1990
318	134415.5	49	1990
355	131453.75	50	1990
376	136591	51	1990
468	137162.5	52	1990
405	134863	53	1990
511	131990.25	54	1990
596	126358.75	55	1990
608	119412.75	56	1990
655	115373.5	57	1990
685	113882.25	58	1990
719	109712.25	59	1990
777	93777.25	60	1990
749	82529.75	61	1990
767	75472.5	62	1990
843	69085	63	1990
890	61792.25	64	1990
535	36049	65	1990
352	21680.25	66	1990
305	18078.75	67	1990
328	16008	68	1990
342	14969.25	69	1990
317	13804.75	70	1990
273	10576.5	71	1990
247	7753	72	1990
257	7481.75	73	1990
281	7534	74	1990
300	7014	75	1990
269	6427.5	76	1990
300	5769.5	77	1990
319	5129.75	78	1990
336	4496.5	79	1990
302	3876.5	80	1990
269	3396.5	81	1990
250	2985.25	82	1990
291	2621	83	1990
216	2152.5	84	1990
211	1632	85	1990
150	1245.5	86	1990
150	1002.5	87	1990
112	813.5	88	1990
122	648.25	89	1990
78	499.25	90	1990
71	388.25	91	1990
47	288	92	1990
40	212.5	93	1990
28	151.5	94	1990
20	125.25	95	1990
21	99	96	1990
13	79.75	97	1990
14	57.25	98	1990
6	40.25	99	1990
3	79.5	100	1990
0	146.25	11	1991
0	138	12	1991
0	205	13	1991
0	276.25	14	1991
0	430.25	15	1991
0	1173	16	1991
2	3873.5	17	1991
11	8492.5	18	1991
14	13454.5	19	1991
18	18315.5	20	1991
13	22830.25	21	1991
19	27345.5	22	1991
27	32166.25	23	1991
24	37348	24	1991
23	42369	25	1991
22	47336	26	1991
30	52465.25	27	1991
44	56428.75	28	1991
31	58684.75	29	1991
35	60619	30	1991
28	61976	31	1991
42	64809.25	32	1991
54	68463.75	33	1991
44	71824	34	1991
47	76115.5	35	1991
76	81146.5	36	1991
64	87425.75	37	1991
74	94932.75	38	1991
102	102239.25	39	1991
80	111469.75	40	1991
111	123440.75	41	1991
165	137868.5	42	1991
162	156439.25	43	1991
223	179636.75	44	1991
260	172696.5	45	1991
285	155449.5	46	1991
283	160003	47	1991
338	159087.75	48	1991
336	145912.25	49	1991
329	130044.5	50	1991
393	127650	51	1991
390	132974.5	52	1991
505	133232.25	53	1991
496	130428.5	54	1991
543	125651	55	1991
590	120384.25	56	1991
574	114270.75	57	1991
681	109968.5	58	1991
756	107250.5	59	1991
644	93465.25	60	1991
768	82565.25	61	1991
778	76157.75	62	1991
861	69834	63	1991
785	61878	64	1991
500	36674.25	65	1991
342	22685.5	66	1991
314	18943.25	67	1991
332	16500.25	68	1991
328	14737.75	69	1991
337	13710.75	70	1991
322	12781.5	71	1991
314	9937.5	72	1991
217	7284	73	1991
258	7009.75	74	1991
322	6846.25	75	1991
267	6424.25	76	1991
279	5944.25	77	1991
317	5333.5	78	1991
302	4681.5	79	1991
276	3892.5	80	1991
236	3373.5	81	1991
246	2981.5	82	1991
269	2629	83	1991
254	2215.5	84	1991
186	1695.5	85	1991
164	1317.25	86	1991
154	1036.25	87	1991
113	816.25	88	1991
103	667.5	89	1991
74	517.5	90	1991
79	404.75	91	1991
63	298	92	1991
46	223.75	93	1991
36	164.5	94	1991
26	120	95	1991
18	96.5	96	1991
13	76.25	97	1991
4	67.25	98	1991
8	47.75	99	1991
1	87.5	100	1991
0	158.75	11	1992
0	145	12	1992
0	208	13	1992
0	291	14	1992
0	430.25	15	1992
1	1036	16	1992
1	3276.25	17	1992
5	7443.25	18	1992
11	11898.25	19	1992
14	16694.75	20	1992
7	21665.75	21	1992
15	25965.25	22	1992
24	30367.75	23	1992
15	35497.75	24	1992
29	40697	25	1992
19	45584	26	1992
28	50333.75	27	1992
26	55081	28	1992
29	58267.75	29	1992
36	60555.5	30	1992
35	62311.25	31	1992
43	63634.25	32	1992
35	66108.5	33	1992
48	69547.25	34	1992
47	72522.5	35	1992
48	76268.25	36	1992
69	81264.5	37	1992
68	87179	38	1992
98	94253.75	39	1992
106	101023.25	40	1992
109	109753	41	1992
150	121174.75	42	1992
158	134647	43	1992
160	152321.25	44	1992
225	174367.25	45	1992
267	167369.5	46	1992
283	149720	47	1992
311	153727	48	1992
280	152533	49	1992
304	139026.75	50	1992
320	123960.25	51	1992
404	121943.75	52	1992
456	126445.75	53	1992
456	126492	54	1992
474	122015.5	55	1992
566	117836	56	1992
584	113411.5	57	1992
629	107263	58	1992
674	102015	59	1992
684	90334.75	60	1992
705	81152.25	61	1992
786	75313	62	1992
835	69566.5	63	1992
722	61828.25	64	1992
507	36503.75	65	1992
362	23120.25	66	1992
347	19470.25	67	1992
332	16977.5	68	1992
323	14902.75	69	1992
328	13203.75	70	1992
269	12426.75	71	1992
354	11827.75	72	1992
296	9147.25	73	1992
250	6664.25	74	1992
239	6260.5	75	1992
304	6153.25	76	1992
256	5871.75	77	1992
291	5442	78	1992
286	4828	79	1992
268	3990	80	1992
265	3377.75	81	1992
240	2953.25	82	1992
251	2605	83	1992
262	2213.25	84	1992
197	1746.75	85	1992
162	1362.5	86	1992
164	1084	87	1992
130	841.25	88	1992
85	671	89	1992
88	538.75	90	1992
86	408	91	1992
66	315.5	92	1992
39	225	93	1992
43	175.75	94	1992
27	125	95	1992
17	98	96	1992
12	67	97	1992
9	59.75	98	1992
4	55.25	99	1992
8	100	100	1992
1	144.5	11	1993
0	160	12	1993
0	207.75	13	1993
0	288	14	1993
0	443.75	15	1993
0	997.25	16	1993
3	2973.25	17	1993
4	6051.25	18	1993
7	10161.25	19	1993
10	14394	20	1993
19	19266	21	1993
17	23950.5	22	1993
13	28242.5	23	1993
11	32768.25	24	1993
20	37873.25	25	1993
21	43027	26	1993
21	47609.5	27	1993
12	51854	28	1993
20	56088.5	29	1993
21	58950.75	30	1993
36	61274	31	1993
48	62853.5	32	1993
35	63721.75	33	1993
35	65970.5	34	1993
38	69286.5	35	1993
51	71963.25	36	1993
53	75640	37	1993
57	80276.5	38	1993
81	85614	39	1993
82	92270.5	40	1993
71	98669.75	41	1993
102	106912.25	42	1993
121	117495.5	43	1993
143	130075.25	44	1993
208	146527	45	1993
261	167302.75	46	1993
281	159996.75	47	1993
294	142387.75	48	1993
304	145774.25	49	1993
339	143407.75	50	1993
354	130762.25	51	1993
346	116794	52	1993
405	114634.5	53	1993
414	118470	54	1993
440	116602.25	55	1993
478	112712.75	56	1993
556	109380	57	1993
632	105005.5	58	1993
586	98234.75	59	1993
619	84652.25	60	1993
715	76945	61	1993
720	72847.5	62	1993
739	67647.5	63	1993
714	60613.75	64	1993
501	36319.25	65	1993
368	22811.25	66	1993
302	19499.25	67	1993
325	17100	68	1993
312	15114	69	1993
273	13164.75	70	1993
310	11770	71	1993
358	11335.75	72	1993
382	10768.75	73	1993
302	8320.5	74	1993
251	5935.25	75	1993
240	5597.25	76	1993
265	5550.75	77	1993
276	5318.5	78	1993
290	4906.5	79	1993
269	4028.5	80	1993
279	3441	81	1993
240	2911.5	82	1993
225	2549.5	83	1993
212	2187.5	84	1993
194	1730.25	85	1993
144	1405	86	1993
159	1124.5	87	1993
128	877.75	88	1993
100	684.25	89	1993
103	537	90	1993
90	404.25	91	1993
44	317.5	92	1993
51	245	93	1993
40	173.5	94	1993
19	132.75	95	1993
14	100.25	96	1993
15	74.5	97	1993
8	54.5	98	1993
6	48.75	99	1993
15	74.25	100	1993
0	134.75	11	1994
0	162.25	12	1994
0	203.25	13	1994
0	265.25	14	1994
0	399.5	15	1994
0	796.5	16	1994
2	2382.75	17	1994
7	4499.75	18	1994
5	7497.25	19	1994
7	10857.25	20	1994
8	14761.25	21	1994
14	19059.25	22	1994
12	23442.5	23	1994
8	27688.5	24	1994
14	32209	25	1994
19	37245.5	26	1994
35	42113	27	1994
18	46186.25	28	1994
20	50163	29	1994
24	54063.75	30	1994
35	56988.75	31	1994
36	59291	32	1994
33	60624.25	33	1994
35	61421	34	1994
63	63593.5	35	1994
57	66693.5	36	1994
43	69274.25	37	1994
60	72710.25	38	1994
56	76954	39	1994
78	81985.5	40	1994
92	88212	41	1994
106	94185.5	42	1994
111	101893.5	43	1994
162	111731	44	1994
177	123198.5	45	1994
206	138364	46	1994
230	157595.5	47	1994
222	150264.75	48	1994
267	133261.5	49	1994
358	134869.75	50	1994
330	132777.75	51	1994
377	121310	52	1994
340	108260.75	53	1994
380	105817.75	54	1994
378	107474.75	55	1994
452	105856.75	56	1994
548	103072.75	57	1994
576	99862.5	58	1994
582	94873.75	59	1994
566	80146.75	60	1994
556	71131	61	1994
710	68123.25	62	1994
625	64491.25	63	1994
640	58040.25	64	1994
447	35311.25	65	1994
319	22642	66	1994
282	18992.75	67	1994
276	16695	68	1994
272	14842	69	1994
266	13061	70	1994
279	11421.25	71	1994
266	10422.25	72	1994
349	10022.25	73	1994
322	9553	74	1994
259	7314	75	1994
232	5245	76	1994
261	4930.25	77	1994
273	4949	78	1994
276	4720	79	1994
281	4080.75	80	1994
272	3503	81	1994
265	3016.5	82	1994
244	2513.25	83	1994
227	2128.75	84	1994
169	1719.25	85	1994
148	1391.25	86	1994
150	1182.25	87	1994
137	911.25	88	1994
118	707.75	89	1994
109	547.25	90	1994
76	408.25	91	1994
45	320	92	1994
42	252.25	93	1994
48	190	94	1994
34	138.75	95	1994
22	105.25	96	1994
7	79.75	97	1994
2	60.25	98	1994
9	42.5	99	1994
4	39	100	1994
0	126	11	1995
0	143.5	12	1995
0	180.25	13	1995
0	238.75	14	1995
0	357.75	15	1995
1	554.5	16	1995
1	1538.75	17	1995
2	3313.75	18	1995
2	5524	19	1995
4	8100.25	20	1995
6	11239.25	21	1995
6	14831.75	22	1995
12	18891.5	23	1995
5	23227.5	24	1995
16	27359.5	25	1995
14	31585.75	26	1995
31	36119.75	27	1995
21	40425.25	28	1995
15	44025	29	1995
38	47676.75	30	1995
36	51406.75	31	1995
26	54296.25	32	1995
50	56417.5	33	1995
34	57763	34	1995
24	58626.25	35	1995
40	60700	36	1995
35	63749	37	1995
32	66287	38	1995
61	69676.75	39	1995
78	73628	40	1995
77	78468.5	41	1995
72	84420.5	42	1995
92	90044.25	43	1995
117	97271.75	44	1995
138	106244.25	45	1995
170	117100	46	1995
204	131332.5	47	1995
227	149380.25	48	1995
264	141856.25	49	1995
288	124667	50	1995
323	126224.5	51	1995
326	124454	52	1995
340	113689	53	1995
358	101403.5	54	1995
371	97293	55	1995
419	98919.75	56	1995
466	98325.25	57	1995
518	95714.75	58	1995
562	91976	59	1995
528	78851.75	60	1995
518	68871	61	1995
584	64521	62	1995
579	61951.5	63	1995
612	56930.75	64	1995
407	34969.75	65	1995
297	22979.25	66	1995
294	19443.75	67	1995
272	16796.5	68	1995
280	14919.5	69	1995
294	13145	70	1995
274	11699.75	71	1995
273	10469.5	72	1995
280	9513.25	73	1995
313	9117.5	74	1995
364	8599	75	1995
244	6525	76	1995
218	4714.75	77	1995
227	4403	78	1995
289	4422	79	1995
251	3935.5	80	1995
250	3480.25	81	1995
238	3020.75	82	1995
233	2577	83	1995
200	2092.75	84	1995
159	1683.25	85	1995
155	1419.5	86	1995
161	1187.25	87	1995
158	969.5	88	1995
120	741.75	89	1995
85	565.5	90	1995
59	430.5	91	1995
64	326.5	92	1995
53	252	93	1995
30	202.5	94	1995
22	150.25	95	1995
19	107.25	96	1995
11	77.25	97	1995
11	69.75	98	1995
1	49.25	99	1995
4	38.5	100	1995
0	132.25	11	1996
0	121.75	12	1996
0	143	13	1996
0	189.5	14	1996
1	307.5	15	1996
0	480	16	1996
0	985.5	17	1996
3	2035.75	18	1996
1	3726	19	1996
1	5566.75	20	1996
6	7761.25	21	1996
13	10373	22	1996
7	13602.5	23	1996
13	17176.75	24	1996
11	21089.75	25	1996
16	24602.5	26	1996
13	28064.25	27	1996
13	31831.25	28	1996
16	35339.5	29	1996
28	38368.5	30	1996
17	41536.75	31	1996
26	44812.25	32	1996
22	47137.5	33	1996
37	48946.75	34	1996
30	50065.5	35	1996
20	50570.5	36	1996
30	52135	37	1996
53	54607.5	38	1996
62	56703.25	39	1996
42	59432.75	40	1996
33	62611.75	41	1996
77	66708	42	1996
78	71819	43	1996
90	76608	44	1996
108	82560.75	45	1996
133	90329.75	46	1996
122	99633	47	1996
155	111968	48	1996
259	127400.75	49	1996
209	119817.75	50	1996
206	105416.75	51	1996
303	107014.75	52	1996
352	105355.5	53	1996
305	96118.75	54	1996
334	84120.75	55	1996
331	81068	56	1996
424	82990.5	57	1996
438	82219	58	1996
424	79368	59	1996
461	69176	60	1996
443	61380.75	61	1996
527	56628.5	62	1996
473	53221.75	63	1996
523	49405.5	64	1996
356	30462	65	1996
296	19806.5	66	1996
297	17068.75	67	1996
253	14953.75	68	1996
228	13043.5	69	1996
257	11479.25	70	1996
239	10254.25	71	1996
248	9314.5	72	1996
237	8317.5	73	1996
243	7483.5	74	1996
263	7152.25	75	1996
286	6680.75	76	1996
223	5118.25	77	1996
200	3695.75	78	1996
192	3475.25	79	1996
194	3190.25	80	1996
193	2974.25	81	1996
208	2650.5	82	1996
197	2329.75	83	1996
164	1962	84	1996
171	1540.5	85	1996
146	1275	86	1996
148	1120.5	87	1996
124	897.25	88	1996
117	715	89	1996
78	531.25	90	1996
70	411.25	91	1996
56	311.25	92	1996
53	236.5	93	1996
27	178.5	94	1996
25	151.5	95	1996
28	106.5	96	1996
9	69.5	97	1996
10	61.75	98	1996
5	52.25	99	1996
8	40.5	100	1996
0	131.6	11	1997
0	133.1	12	1997
0	140.8	13	1997
0	163.7	14	1997
1	264.4	15	1997
0	444	16	1997
0	959.9	17	1997
1	1615.2	18	1997
1	2604.7	19	1997
4	4181.6	20	1997
2	5955.7	21	1997
5	8073.9	22	1997
12	10684.2	23	1997
10	13930.4	24	1997
21	17674.4	25	1997
14	21617.9	26	1997
5	24949.7	27	1997
8	28158.1	28	1997
6	31651.2	29	1997
16	35116.4	30	1997
14	38104.6	31	1997
23	41233.9	32	1997
23	44398.4	33	1997
46	46557.5	34	1997
18	48452.4	35	1997
25	49472.9	36	1997
22	49864.4	37	1997
41	51402	38	1997
36	53682.1	39	1997
45	55582.9	40	1997
49	58217.8	41	1997
78	61240.9	42	1997
62	65158.4	43	1997
100	69901.1	44	1997
80	74373.9	45	1997
124	80059.2	46	1997
128	87270.1	47	1997
157	95874.4	48	1997
185	107263.2	49	1997
260	120703.2	50	1997
254	113406.9	51	1997
260	99884	52	1997
320	101322.3	53	1997
328	99537.9	54	1997
325	89144.1	55	1997
311	78381.2	56	1997
395	76245.4	57	1997
429	78003.7	58	1997
434	76745.9	59	1997
447	66832.7	60	1997
449	60134.1	61	1997
464	56272.4	62	1997
481	51979.4	63	1997
488	47395.1	64	1997
333	30006.2	65	1997
241	20061.4	66	1997
248	17182.2	67	1997
262	15332.4	68	1997
242	13570.2	69	1997
256	11768.7	70	1997
247	10482.6	71	1997
248	9609.3	72	1997
252	8779.5	73	1997
270	7829.2	74	1997
234	6939.7	75	1997
254	6615.6	76	1997
299	6239.5	77	1997
244	4762.7	78	1997
181	3431.4	79	1997
198	3063.1	80	1997
261	3040.9	81	1997
244	2778.9	82	1997
200	2527.1	83	1997
202	2162.6	84	1997
187	1691.3	85	1997
149	1347.3	86	1997
156	1159.5	87	1997
138	979.3	88	1997
129	795.8	89	1997
122	617.5	90	1997
80	449	91	1997
72	359.5	92	1997
53	257.3	93	1997
45	184.5	94	1997
22	150.3	95	1997
20	128.3	96	1997
14	82.3	97	1997
5	59.5	98	1997
7	52.3	99	1997
4	44.3	100	1997
0	89.5	11	1998
0	111.8	12	1998
0	118.9	13	1998
0	121.3	14	1998
0	185.2	15	1998
0	302.7	16	1998
0	698.9	17	1998
1	1331.7	18	1998
2	1969.9	19	1998
1	2835.9	20	1998
0	4320.4	21	1998
4	5960.1	22	1998
1	7868.6	23	1998
8	10524.2	24	1998
3	13717.6	25	1998
11	17284.4	26	1998
11	20704.5	27	1998
19	23458.1	28	1998
15	25956.1	29	1998
9	28873.8	30	1998
16	31774.6	31	1998
14	34072.7	32	1998
30	36657.9	33	1998
37	38916.6	34	1998
17	40556.1	35	1998
29	41846.2	36	1998
47	42422.2	37	1998
31	42742.9	38	1998
34	43827	39	1998
35	45563.6	40	1998
37	47118	41	1998
50	49263.2	42	1998
46	52188.6	43	1998
68	55519.2	44	1998
88	59480.4	45	1998
108	63419.4	46	1998
111	68399.2	47	1998
168	74469.4	48	1998
166	81447.2	49	1998
198	90334.4	50	1998
237	101301.5	51	1998
233	95499.2	52	1998
244	84027.2	53	1998
292	84374.2	54	1998
284	81214.4	55	1998
305	73144.7	56	1998
263	64965.1	57	1998
363	63058.5	58	1998
303	63934.7	59	1998
364	56596.2	60	1998
343	50582.9	61	1998
381	47946.3	62	1998
391	44956.9	63	1998
427	40262.4	64	1998
268	26136.9	65	1998
242	18258.2	66	1998
221	16099.1	67	1998
197	14491.2	68	1998
244	13245.1	69	1998
265	11739.3	70	1998
257	10327.7	71	1998
241	9462.2	72	1998
259	8730.4	73	1998
282	8031.4	74	1998
240	7087.9	75	1998
263	6418.7	76	1998
257	6134.4	77	1998
286	5749.1	78	1998
251	4448.4	79	1998
170	3009.6	80	1998
174	2764.7	81	1998
200	2656.8	82	1998
237	2450.9	83	1998
203	2127.6	84	1998
171	1694.1	85	1998
149	1352.8	86	1998
139	1102	87	1998
127	932.3	88	1998
97	789.8	89	1998
92	629	90	1998
70	485.8	91	1998
68	357	92	1998
53	269.5	93	1998
32	187	94	1998
34	138.3	95	1998
18	113.8	96	1998
14	99	97	1998
2	67.3	98	1998
5	46	99	1998
6	44	100	1998
0	84.6	11	1999
0	100.1	12	1999
0	121.4	13	1999
0	134.9	14	1999
0	181.8	15	1999
0	282.4	16	1999
0	585.4	17	1999
0	1092.2	18	1999
1	1841.8	19	1999
3	2421.4	20	1999
2	3271.9	21	1999
3	4690.2	22	1999
4	6189.3	23	1999
8	8112.8	24	1999
3	10639.2	25	1999
9	13629.5	26	1999
7	16718.4	27	1999
11	19825.7	28	1999
15	22467.9	29	1999
13	25046.8	30	1999
15	27937.2	31	1999
17	30833.4	32	1999
13	33346.6	33	1999
25	35904.7	34	1999
30	38348.4	35	1999
29	39874.7	36	1999
27	41131.8	37	1999
17	42014.6	38	1999
29	42312.7	39	1999
39	43348.8	40	1999
42	45153.2	41	1999
53	46348.1	42	1999
40	48331.1	43	1999
53	50685	44	1999
60	53301.5	45	1999
88	56760.7	46	1999
66	60121.3	47	1999
115	64380.4	48	1999
121	69441	49	1999
133	74898.3	50	1999
199	82591.7	51	1999
238	92835.9	52	1999
226	87299	53	1999
243	76382.3	54	1999
258	75332.1	55	1999
265	73058.6	56	1999
282	66617.4	57	1999
318	59119.2	58	1999
309	56842.5	59	1999
314	52250.4	60	1999
312	47395.8	61	1999
352	44854	62	1999
334	42918.6	63	1999
435	38916.5	64	1999
257	24950.9	65	1999
206	16897.3	66	1999
212	14985.7	67	1999
235	13549	68	1999
223	12162.6	69	1999
200	10950.9	70	1999
217	9774.1	71	1999
195	8770.5	72	1999
238	8089.7	73	1999
269	7445	74	1999
219	6656.4	75	1999
233	5799.9	76	1999
222	5217.2	77	1999
243	4984.2	78	1999
243	4652.6	79	1999
156	3421.8	80	1999
146	2402.8	81	1999
158	2198.9	82	1999
206	2087.9	83	1999
186	1871.1	84	1999
174	1564.6	85	1999
165	1277.5	86	1999
122	1081.5	87	1999
109	873.3	88	1999
77	727.5	89	1999
96	602.8	90	1999
61	467.5	91	1999
48	347.5	92	1999
45	269.3	93	1999
29	190.5	94	1999
29	127	95	1999
22	84.8	96	1999
9	73.8	97	1999
10	68	98	1999
5	47.8	99	1999
1	32.5	100	1999
