"y1" "y2" "x1" "x2" "x3"
"1" 4.941516281 0.660536709 1.188179378 1.204444812 1.454922284
"2" 2.445699992 0.686435511 1.189769441 1.211086539 1.470045992
"3" 4.688932251 0.909789043 1.202897687 1.233897156 1.53517028
"4" 1.460473214 0.629968786 1.210582139 1.25560377 1.557480872
"5" 4.717007875 0.611108637 1.23156823 1.258561779 1.572142983
"6" 3.778119676 0.924904258 1.263770788 1.263051528 1.595278081
"7" 4.286995029 1.175667042 1.27036985 1.273094355 1.619887608
"8" 2.682383036 0.560595658 1.279487551 1.275085352 1.627167384
"9" 2.172353018 1.132289752 1.282850115 1.278630633 1.627100885
"10" 6.631067917 0.988300156 1.283933848 1.284891639 1.658860648
"11" 2.523630885 1.33488344 1.28677362 1.293383324 1.669920078
"12" 4.598370519 0.740466625 1.289837147 1.293532723 1.706240023
"13" 5.874315755 0.95030526 1.303585729 1.312555147 1.758192755
"14" 5.319371498 0.685610933 1.317704617 1.319790182 1.743536486
"15" 3.904012218 1.208198769 1.325541961 1.331906409 1.788825261
"16" 3.106705807 0.57762011 1.351000308 1.346874831 1.818826121
"17" 3.317617746 0.956457885 1.356344629 1.372867536 1.886797418
"18" 2.983634003 0.687612821 1.369061417 1.378615746 1.907528148
"19" 4.31108802 0.742687434 1.377840411 1.38873265 1.939350731
"20" 4.796962874 1.085840106 1.387354673 1.404999278 1.96997666
"21" 2.515179333 0.817783479 1.388609704 1.406255879 1.966117281
"22" 5.150118633 0.731957987 1.410738113 1.410247576 1.954421071
"23" 4.432724222 0.758016207 1.412253432 1.428253576 2.009254973
"24" 5.17808401 0.608517667 1.438206929 1.430815908 2.070943644
"25" 5.065234124 0.769264594 1.442669442 1.432120196 2.029227222
"26" 2.94488004 0.619480359 1.451399457 1.447778542 2.066289451
"27" 3.895952326 0.767325602 1.456042771 1.453609713 2.12378365
"28" 3.246032148 0.666147168 1.45755453 1.454243372 2.145716661
"29" 4.191855227 0.518346694 1.471785515 1.46026788 2.122930356
"30" 4.81459517 0.613337615 1.476985899 1.476894412 2.194902517
"31" 4.179598698 0.666189423 1.479421857 1.501343324 2.272747346
"32" 5.391646466 0.945151719 1.492794785 1.51393821 2.307673694
"33" 5.845829342 0.685377229 1.500108334 1.521128061 2.301807419
"34" 2.992693371 0.57420698 1.524309774 1.528513736 2.331177505
"35" 5.594719657 1.013586685 1.535180525 1.536244023 2.374234646
"36" 5.413464742 0.679505485 1.558087991 1.539643962 2.374564743
"37" 3.031647657 0.712826953 1.561452335 1.555151699 2.438515299
"38" 4.214544824 0.836732889 1.569279724 1.56465404 2.462002085
"39" 4.204938041 0.768934167 1.569681946 1.567028546 2.477250652
"40" 5.531029725 0.703262765 1.585004669 1.575020384 2.501475338
"41" 4.049364394 0.600062923 1.60277039 1.604016857 2.583080416
"42" 7.106289167 0.593226698 1.61246793 1.632838052 2.693263483
"43" 6.246099767 1.088215078 1.61470581 1.63344045 2.647584817
"44" 5.186277635 0.767924972 1.61857593 1.633605499 2.673589058
"45" 7.661181002 0.687324684 1.639945406 1.637739279 2.644367295
"46" 6.987328143 0.558012195 1.64538382 1.641844778 2.671252929
"47" 5.617151134 0.660521841 1.660012072 1.643860972 2.694856722
"48" 8.052731609 0.639999925 1.689962973 1.664450394 2.795710648
"49" 4.085482068 0.933387038 1.696859365 1.687955006 2.838148625
"50" 5.330498055 0.604594519 1.696889191 1.707975147 2.912064996
"51" 3.646275458 0.52638007 1.706243016 1.715632697 2.920865209
"52" 9.38175051 0.5421777 1.707962936 1.720629385 2.913673556
"53" 4.012519667 0.631284675 1.718309974 1.721739501 2.951863697
"54" 9.880121779 0.655428358 1.742658 1.727673315 2.971272067
"55" 8.567361847 0.554348051 1.745897415 1.746004548 3.047207481
"56" 5.773469916 0.462601883 1.759681169 1.746807255 3.048393305
"57" 5.79685954 0.565965866 1.763616348 1.747400808 3.083310636
"58" 4.972545096 0.40511142 1.781640188 1.777783592 3.163075151
"59" 3.736293839 0.858891664 1.786034818 1.789394529 3.181499702
"60" 3.548082394 0.685018978 1.794161682 1.806958337 3.309941918
"61" 8.001280014 0.500067486 1.794168126 1.812588397 3.275073585
"62" 5.963497225 0.73608993 1.812671985 1.815387382 3.274739756
"63" 5.918426386 0.965517542 1.820691519 1.819030762 3.341877512
"64" 6.75463313 0.387877798 1.847497219 1.820159436 3.320332843
"65" 5.597164687 0.513288266 1.851861622 1.83485583 3.342182742
"66" 5.373950056 0.537526707 1.85399031 1.851838693 3.435533932
"67" 4.038140845 0.605448247 1.859859188 1.863477398 3.485811005
"68" 4.504859518 0.482573908 1.871259583 1.881781545 3.543903549
"69" 6.140216414 0.44656276 1.887136628 1.888678481 3.560769878
"70" 5.411574182 0.554612693 1.908356154 1.895514868 3.621613808
"71" 5.974287856 0.593387332 1.90855537 1.896374144 3.574214843
"72" 3.960258214 0.655610652 1.911099166 1.906293577 3.64536828
"73" 7.982391289 0.515195168 1.912587109 1.912338899 3.704460718
"74" 7.46520425 0.562014518 1.938233743 1.913284144 3.641720896
"75" 7.393401072 0.705513735 1.950043653 1.93022134 3.750601884
"76" 5.819261042 0.660853466 1.956900308 1.945861723 3.738301396
"77" 9.037114729 0.425922331 1.962568665 1.965895376 3.87696789
"78" 11.76873135 0.449938729 1.966107831 1.992768386 4.001375403
"79" 8.172795229 0.583051397 1.982928339 1.994233345 3.999736547
"80" 7.719575928 0.410991625 2.002001152 1.998727634 4.002754866
"81" 7.674418981 0.541568806 2.002724627 2.000233509 3.993769961
"82" 11.97867162 0.369916047 2.012006972 2.002498857 4.039360087
"83" 5.168510302 0.45467073 2.01601916 2.002975438 3.996130554
"84" 7.589904205 0.505509552 2.020380278 2.020020616 4.09210862
"85" 13.04795595 0.525920803 2.038364366 2.052621685 4.209190064
"86" 10.96651936 0.483114741 2.042206823 2.052716465 4.217589035
"87" 13.17914704 0.609745888 2.064351726 2.071991366 4.282633527
"88" 7.474829409 0.408392366 2.067355425 2.072171898 4.298330803
"89" 7.893559443 0.449166902 2.084500883 2.100347554 4.406138133
"90" 5.56222742 0.468372803 2.089453285 2.103262757 4.415247026
"91" 9.019816548 0.468523098 2.094015557 2.107387335 4.408045994
"92" 8.022356795 0.715415382 2.123810274 2.112120527 4.439286651
"93" 8.144176115 0.334866989 2.128569191 2.114553741 4.462978177
"94" 4.931403256 0.455905599 2.143388515 2.116400959 4.49009157
"95" 5.014677871 0.462246535 2.147722052 2.116464518 4.456596773
"96" 8.734811776 0.569852063 2.152071335 2.140315602 4.571306934
"97" 12.70624131 0.496257465 2.154985521 2.149662309 4.62358737
"98" 11.6246696 0.587451008 2.182931299 2.179151057 4.753167865
"99" 17.86846216 0.552649737 2.191354786 2.186269094 4.758073993
"100" 17.11691389 0.462856377 2.196191753 2.192550482 4.817231282
"101" 11.84460854 0.550905809 2.203831261 2.197641672 4.847965241
"102" 6.067599122 0.531641842 2.213186822 2.212107577 4.859767335
"103" 10.33601525 0.440941365 2.219948152 2.227305326 4.959657094
"104" 12.59452931 0.427711273 2.232775065 2.238023033 5.045503748
"105" 7.242387197 0.518561722 2.237061251 2.239932271 4.992466353
"106" 11.55087894 0.432683427 2.255244959 2.245244966 5.067201787
"107" 7.704322164 0.416110852 2.266988894 2.284017928 5.19942835
"108" 10.4482893 0.367220959 2.275114462 2.285290927 5.205585068
"109" 9.735169146 0.515710194 2.289700283 2.288197304 5.208588404
"110" 6.316258293 0.530984149 2.310820201 2.289794741 5.223969528
"111" 13.01288181 0.380678504 2.317955701 2.30520609 5.289285814
"112" 13.05374674 0.378724206 2.322377313 2.319443103 5.37332026
"113" 10.02054393 0.438806911 2.334581458 2.328937867 5.453046182
"114" 9.563096701 0.373283269 2.34414537 2.344713386 5.493660375
"115" 12.15663675 0.59565561 2.345317606 2.348300807 5.518303024
"116" 11.7495501 0.353510059 2.347990082 2.353527066 5.530560247
"117" 15.94673788 0.486524622 2.357477551 2.382882152 5.664205191
"118" 12.22786005 0.39464716 2.381976953 2.390826331 5.726191797
"119" 7.891504919 0.401168693 2.385302167 2.392259508 5.75067285
"120" 12.77078734 0.409251643 2.398082392 2.393719014 5.735435896
"121" 6.229608133 0.396692628 2.403280626 2.41932123 5.831968771
"122" 9.597163967 0.38160035 2.442178799 2.424463682 5.877983593
"123" 28.4492576 0.464188112 2.450358437 2.425164154 5.895011548
"124" 7.692911143 0.412547845 2.45040417 2.432539768 5.920745621
"125" 14.71270876 0.45120647 2.455280593 2.434752737 5.890198622
"126" 21.82740196 0.414563364 2.47900449 2.452263873 5.999575407
"127" 13.51896691 0.370637989 2.48450621 2.461604889 6.032412177
"128" 25.62020141 0.456560004 2.488091365 2.465793364 6.08305563
"129" 9.611398196 0.347124259 2.492107805 2.47522502 6.146067402
"130" 11.51313211 0.377709734 2.492678928 2.479151429 6.11160366
"131" 11.93739896 0.34296969 2.503760609 2.519051352 6.335387524
"132" 10.88713774 0.355901726 2.512011776 2.523484882 6.350029563
"133" 11.28437033 0.357445083 2.515034744 2.534663604 6.428082148
"134" 12.31907941 0.362620914 2.531718339 2.553198002 6.492458371
"135" 14.1075551 0.37241878 2.533221367 2.555129931 6.551152414
"136" 13.172401 0.331374852 2.536387262 2.558984503 6.565729407
"137" 11.16642789 0.512521293 2.555220866 2.571075583 6.598743511
"138" 16.85665885 0.351391463 2.559848915 2.582465538 6.695323727
"139" 10.61396191 0.330988812 2.575912594 2.591325677 6.718744329
"140" 14.84357616 0.381230126 2.581204018 2.594130173 6.762326989
"141" 10.63763573 0.525838574 2.596365522 2.597313353 6.714788632
"142" 18.50173863 0.405322099 2.602596943 2.605317321 6.786897622
"143" 12.08699242 0.434515361 2.627969022 2.606105159 6.781956129
"144" 14.93637779 0.428944374 2.631336731 2.61382241 6.862010929
"145" 13.99100499 0.328065646 2.645012262 2.635691651 6.966890371
"146" 13.13712907 0.371294946 2.662457635 2.650642412 7.04833804
"147" 12.98343538 0.357680234 2.675117265 2.653464115 7.060912493
"148" 16.92996839 0.452199428 2.675619381 2.655841344 7.05800148
"149" 22.53091472 0.320146079 2.680963806 2.670246864 7.101519425
"150" 25.01309284 0.369572495 2.705060678 2.67444803 7.157278767
"151" 12.59685024 0.300862762 2.717697768 2.691430016 7.216120574
"152" 13.82260151 0.314834079 2.727924311 2.703061855 7.305155355
"153" 22.36372589 0.364320572 2.731009414 2.726386883 7.440074968
"154" 7.253347913 0.375935852 2.73615266 2.731406983 7.473704836
"155" 10.746359 0.372045283 2.751480374 2.741036916 7.5027962
"156" 16.95914714 0.417682789 2.772611819 2.746340447 7.535773068
"157" 12.30029865 0.261196271 2.774623652 2.751879491 7.559553595
"158" 37.70447832 0.318341492 2.792351454 2.772776407 7.7402214
"159" 28.65345805 0.325010817 2.801791877 2.788025737 7.801390926
"160" 12.01417596 0.349231478 2.806771082 2.809318937 7.863310445
"161" 11.87702769 0.349077101 2.808160416 2.819659217 7.953562952
"162" 20.0597218 0.337610737 2.809617451 2.838591263 8.069523262
"163" 14.24685481 0.290892223 2.822074226 2.840275028 8.088867457
"164" 19.69964048 0.30708761 2.83984693 2.844909201 8.101643448
"165" 14.5201625 0.349951501 2.839967973 2.851279385 8.145061789
"166" 15.91885829 0.435023801 2.84032211 2.860114734 8.202069482
"167" 22.1284199 0.343603234 2.856338219 2.87242701 8.269421225
"168" 29.13755315 0.388979101 2.873333705 2.874016846 8.261084013
"169" 17.63441508 0.33407286 2.889065142 2.878981424 8.295894906
"170" 13.54807612 0.319459386 2.897791904 2.904436078 8.435156938
"171" 17.39424578 0.331018446 2.918859027 2.9116796 8.482552851
"172" 15.45112042 0.367611373 2.925240653 2.948773123 8.683495383
"173" 14.39310978 0.34481673 2.926955616 2.960775309 8.751636871
"174" 12.36506831 0.289134691 2.944926417 2.963950257 8.785229794
"175" 27.24587903 0.293758029 2.947505566 2.965297648 8.80285546
"176" 17.44001017 0.302493732 2.949030935 2.975848177 8.849503933
"177" 32.5514307 0.330738438 2.980044358 2.987674629 8.929787989
"178" 16.26004117 0.314253594 3.00188569 2.989134789 8.936134822
"179" 12.72702554 0.354258842 3.0065831 2.99498555 8.972533574
"180" 12.51449973 0.329638201 3.007094875 2.998426239 8.975113972
"181" 17.29017732 0.304523718 3.017230837 3.005256928 9.04730709
"182" 14.97610538 0.325022204 3.022234965 3.016420598 9.091412787
"183" 13.13893997 0.333605222 3.02470109 3.031793248 9.186713048
"184" 24.23860721 0.348856827 3.042537782 3.033590121 9.196499549
"185" 24.11037938 0.331088202 3.053980019 3.035315471 9.195441058
"186" 19.84783563 0.375109093 3.061620745 3.053095318 9.31812007
"187" 24.05010115 0.315363551 3.076381063 3.06856976 9.412206947
"188" 26.60500694 0.279261797 3.079162356 3.073403452 9.445091677
"189" 21.64639087 0.332147225 3.094768642 3.073540357 9.437487589
"190" 30.84150736 0.316675066 3.106362433 3.115878785 9.68699365
"191" 36.31912643 0.388537519 3.108943174 3.117725455 9.709789751
"192" 40.03161307 0.310323954 3.109641507 3.128294254 9.770984456
"193" 23.26319301 0.293487705 3.141183949 3.129578838 9.799208573
"194" 35.5514378 0.327096648 3.147077979 3.138949575 9.853122234
"195" 29.6932996 0.30781108 3.155216176 3.160124783 9.946338479
"196" 22.36586571 0.27460862 3.158050786 3.161967262 10.00835915
"197" 35.76452056 0.34106435 3.193435511 3.175297185 10.10653764
"198" 19.23921446 0.282978034 3.204133913 3.184575594 10.16896717
"199" 28.57036413 0.313435141 3.215226637 3.198573784 10.19486011
"200" 20.73342769 0.335138387 3.219664217 3.204823719 10.29081921
